200,0.3,50,98,14,4737
0,0,0,0,0,0,0,0,0,0,0,0,0,0,4,0,0,0,0,1,0,0,0,0,0,0,0,0,0,0,0,0,25,0,0,0,0,0,0,0,0,0,0,0,0,0,0,0,0,0,0,0,0,0,0,0,41,0,0,0,0,0,0,0,0,0,0,0,0,0,11,0,0,29,0,0,0,0,0,1,0,0,0,0,0,0,0,0,0,0,0,0,0,0,0,0,0,0,0,0,0,0,0,0,0,0,0,0,0,0,0,0,0,0,0,0,0,0,0,0,0,0,0,0,14,0,0,0,0,0,0,0,0,0,0,0,0,0,0,0,0,0,0,0,0,0,0,0,0,0,0,0,0,0,0,0,0,23,0,0,0,0,0,0,0,0,0,0,0,0,0,38,0,0,0,0,0,0,0,0,0,0,0,0,0,42,0,0,0,36,23,0,0,0,0,0,0,0,0,0
0,0,0,0,0,0,39,0,0,0,40,0,0,0,0,0,0,0,0,0,0,0,0,0,0,0,0,0,0,0,10,30,0,0,0,0,0,0,0,19,0,33,0,39,0,0,0,20,7,0,0,0,0,0,0,0,0,0,0,0,0,0,0,0,0,27,0,0,0,17,0,0,0,0,0,0,0,16,0,0,0,0,0,0,0,0,0,0,0,0,0,4,0,0,0,22,0,27,0,29,0,0,22,0,0,46,0,0,0,0,0,0,45,0,0,0,0,0,0,0,0,0,0,0,27,0,0,0,0,0,30,0,0,38,0,0,15,0,0,0,0,0,0,0,0,0,0,0,0,0,0,0,30,0,0,0,0,0,0,32,0,0,0,0,0,0,0,0,0,0,4,0,0,0,0,18,0,30,0,0,0,2,0,0,0,0,8,0,0,0,0,0,0,30,0,0,0,0,0,0
0,0,0,0,0,0,33,0,24,0,0,0,0,0,0,0,0,0,0,0,0,0,0,0,0,42,0,1,31,19,0,0,0,0,4,0,0,0,0,0,0,0,1,0,0,0,0,0,0,0,0,36,0,0,0,0,0,0,39,3,0,0,9,0,0,0,0,41,0,0,0,0,0,0,0,0,0,0,0,0,7,0,0,0,0,0,0,0,0,0,37,0,0,0,0,0,0,11,0,0,0,0,0,33,0,0,0,0,0,0,0,0,0,0,0,0,0,9,0,0,0,0,0,0,0,0,0,0,0,0,0,0,0,0,26,0,0,11,35,38,0,0,4,43,0,0,22,0,0,0,0,5,0,0,0,0,0,0,0,0,0,0,0,0,0,0,19,0,0,39,0,0,0,0,0,0,0,0,0,24,0,0,0,32,0,0,0,0,0,0,0,0,0,0,0,0,0,0,0,0
0,0,0,0,0,0,0,0,0,0,0,0,0,0,0,0,0,0,0,0,0,0,0,0,21,0,0,21,0,0,0,0,0,0,0,0,0,0,0,0,0,0,0,0,0,0,0,0,0,0,23,0,0,0,0,0,0,0,0,0,0,0,0,0,0,0,0,0,10,0,0,0,40,0,24,0,0,0,0,0,0,0,0,0,0,0,0,0,0,0,0,0,0,0,0,0,0,0,0,0,0,0,0,0,0,0,0,0,0,0,0,0,0,0,0,0,0,0,0,0,0,0,0,0,0,0,0,0,0,0,0,0,0,0,34,0,0,0,0,0,0,0,0,0,0,0,0,0,0,0,0,0,0,0,0,0,0,0,0,0,0,0,0,0,0,0,0,0,6,0,0,0,0,0,0,0,0,0,0,0,0,0,23,0,0,0,0,0,0,0,0,0,0,0,0,0,0,0,25,0
0,0,0,0,0,0,0,0,0,0,0,0,0,0,0,0,0,0,0,0,0,0,0,0,0,0,0,0,0,0,38,0,0,0,0,0,0,0,0,0,0,0,0,0,0,18,0,0,0,23,0,0,0,0,0,0,0,0,0,0,0,0,0,0,0,0,0,0,0,0,0,0,0,0,0,0,0,0,40,0,0,0,0,0,0,0,0,0,15,0,0,0,0,0,0,0,0,0,0,0,0,0,0,0,0,0,0,0,0,0,0,0,0,0,0,0,0,0,31,29,0,0,0,0,0,0,2,0,0,0,2,0,0,0,0,0,0,0,0,0,0,0,0,0,0,0,0,7,0,0,0,0,0,0,0,0,0,0,0,0,0,0,0,0,0,0,0,0,0,0,0,0,46,0,0,0,0,0,0,0,0,0,0,0,0,0,0,0,0,0,0,17,0,0,0,0,0,0,0,0
0,0,0,0,0,0,0,0,0,27,30,0,0,0,0,47,0,0,0,0,0,0,0,0,0,0,0,0,0,0,0,0,0,0,0,0,0,0,0,0,0,0,0,0,0,0,0,0,0,0,0,0,0,0,0,0,0,0,0,0,0,0,0,0,48,0,0,0,0,7,0,0,0,0,0,42,0,0,0,0,0,25,0,0,25,0,0,0,0,0,0,29,0,21,6,35,0,0,0,0,47,0,0,0,50,0,0,0,0,48,0,41,1,0,0,0,0,0,0,0,0,0,0,0,0,0,0,0,0,0,32,0,0,0,0,0,0,0,0,0,0,0,0,0,0,0,0,0,0,0,0,0,0,0,0,0,36,0,5,0,0,0,0,0,0,0,0,0,0,0,32,0,0,50,0,12,12,0,39,0,0,50,0,0,0,0,0,0,0,0,0,0,0,37,0,29,0,0,0,0
0,0,0,0,0,0,0,0,0,1,0,0,0,0,0,0,0,0,0,0,0,0,0,0,0,0,0,0,21,0,0,0,0,0,0,0,6,0,25,24,0,0,26,0,23,0,37,0,0,0,0,50,0,0,14,0,0,0,9,41,0,0,0,0,0,0,35,42,0,0,0,0,10,0,0,0,0,0,0,0,0,0,0,0,0,0,50,0,0,0,0,0,0,17,0,29,0,14,0,0,2,21,0,0,0,0,0,0,0,0,0,0,0,0,0,0,0,2,0,0,0,0,0,42,0,0,0,0,0,0,0,28,0,0,0,47,32,0,0,0,0,0,0,0,0,0,12,0,0,0,33,3,29,0,0,0,0,0,0,0,28,0,41,0,23,0,0,0,0,0,28,0,0,0,0,0,0,0,0,0,0,0,0,0,0,0,0,0,26,0,0,0,0,0,12,18,0,3,0,0
47,0,0,0,0,0,0,0,0,0,0,0,0,0,0,0,0,0,0,0,0,0,0,0,0,0,0,0,0,0,0,0,0,0,0,0,0,0,0,0,0,29,0,36,0,0,0,0,0,0,0,0,0,0,0,23,0,0,0,0,0,0,0,32,0,0,0,0,0,0,0,0,0,0,0,0,0,0,0,0,0,0,0,0,0,0,0,0,0,0,0,0,0,0,0,0,0,0,0,0,0,0,0,0,0,34,0,0,0,0,0,0,0,0,0,0,0,0,0,0,0,0,0,0,0,0,0,0,0,0,0,0,0,27,0,0,0,0,0,0,0,0,0,0,0,25,0,0,0,25,0,0,0,0,0,31,0,0,0,0,0,0,0,0,0,0,0,0,0,0,0,0,0,0,0,0,0,0,0,0,0,0,0,0,0,0,0,0,0,0,0,0,0,0,0,0,0,0,0,16
0,0,0,0,0,0,43,0,0,0,0,0,0,0,0,0,0,0,0,0,27,0,0,0,0,0,0,0,0,1,0,0,0,0,0,0,0,0,0,0,0,0,0,0,0,0,0,0,0,0,0,2,0,0,0,0,0,0,41,0,0,0,5,0,0,0,0,49,0,0,0,0,0,0,0,0,0,0,0,0,0,0,0,0,0,0,0,0,0,38,0,0,0,0,0,0,0,0,4,0,0,14,0,0,0,0,0,0,0,0,31,0,0,0,30,0,0,19,0,0,0,0,38,0,0,0,0,0,0,0,0,0,0,0,0,0,0,0,0,0,31,0,0,33,0,0,0,0,0,0,0,0,0,21,0,0,0,0,5,0,0,0,0,0,0,20,0,0,0,0,0,0,0,0,0,0,0,0,44,0,0,0,0,0,19,0,0,0,33,0,0,0,7,0,0,0,0,0,0,0
0,37,0,0,0,0,0,0,0,0,0,0,0,0,0,9,0,0,0,0,0,0,0,0,0,0,0,0,0,0,0,10,0,0,0,0,0,29,0,0,0,0,49,0,0,0,0,0,0,0,0,0,0,0,0,0,0,36,0,0,0,0,0,0,0,0,0,0,0,3,0,0,0,0,0,0,0,15,0,0,0,0,0,0,0,0,19,40,0,0,0,18,0,0,0,0,0,35,0,8,0,0,0,0,6,0,0,0,0,30,0,0,0,36,0,0,0,0,0,24,20,0,0,0,0,0,0,0,0,0,34,0,0,0,0,0,34,0,0,0,0,0,0,0,30,0,20,0,0,0,0,0,0,0,0,0,0,0,11,0,0,0,0,1,0,0,0,0,0,21,0,0,0,0,0,0,0,49,0,0,0,6,0,0,0,0,11,0,0,0,0,0,0,49,0,0,0,43,0,0
0,0,0,0,0,0,44,0,0,16,0,0,0,0,0,0,0,0,0,0,0,43,0,0,0,31,6,0,0,0,9,0,0,0,0,22,33,0,0,39,0,0,9,0,0,0,0,0,0,0,0,0,0,0,0,0,0,23,0,8,0,38,0,0,0,0,0,0,0,43,0,0,0,0,0,46,0,0,0,0,0,3,0,0,0,0,0,0,0,40,0,0,0,49,29,19,0,35,0,0,0,0,0,0,25,0,0,0,0,22,45,12,0,0,46,0,0,0,0,7,0,16,0,0,0,0,0,12,0,0,0,0,0,0,0,39,0,0,0,0,0,0,0,0,2,0,38,0,0,0,0,0,0,0,0,0,0,0,24,0,0,0,19,0,24,0,2,0,0,50,0,0,0,0,0,0,0,0,7,0,0,0,0,0,0,0,0,0,0,0,0,0,0,13,4,0,0,0,0,0
0,0,0,0,0,0,0,0,0,0,0,0,0,0,0,0,0,0,0,0,0,0,0,0,0,0,0,0,0,0,0,0,0,0,0,0,0,0,0,0,41,0,0,0,0,0,0,0,0,0,0,0,16,42,0,0,0,0,0,0,0,0,0,0,0,0,0,0,44,0,0,0,0,0,0,0,0,0,0,0,0,0,0,5,0,22,0,0,0,0,0,0,27,0,0,0,17,0,0,0,0,0,0,0,0,0,0,4,0,0,0,0,0,0,0,0,0,0,0,0,0,0,0,0,0,29,0,0,0,0,0,0,0,0,34,0,0,0,0,0,0,0,14,0,0,0,0,0,0,0,0,0,0,0,0,0,0,0,0,0,0,0,0,0,0,0,0,0,0,0,0,0,0,0,0,0,0,0,0,25,0,0,14,0,0,0,0,0,0,0,0,0,0,0,0,0,8,0,0,0
0,0,0,0,0,43,28,0,0,16,24,0,0,0,0,0,0,0,0,0,0,0,0,13,0,28,31,0,0,0,0,0,0,0,0,0,43,0,0,0,0,0,31,0,0,0,35,0,0,0,0,0,0,0,48,0,0,0,0,0,0,23,44,0,34,0,0,0,0,10,0,0,0,0,0,0,0,0,45,0,0,35,0,0,28,0,41,0,0,0,0,0,0,5,0,39,0,0,0,0,4,0,0,0,0,0,0,0,0,8,0,0,29,0,0,0,29,0,0,0,0,43,0,0,0,0,0,0,0,0,44,15,0,0,0,0,18,0,0,0,0,9,0,0,48,0,0,0,0,0,0,0,11,0,0,0,0,0,1,0,0,0,0,0,0,37,0,0,0,6,0,0,0,16,0,45,12,0,19,0,0,35,0,0,0,0,0,0,0,0,0,0,0,25,0,23,0,0,0,0
0,5,0,0,0,0,16,0,0,19,0,0,0,0,0,0,0,0,18,0,0,0,0,0,0,0,0,0,0,0,33,35,9,0,0,0,0,0,0,5,0,0,0,0,0,0,0,0,15,0,0,0,0,28,0,0,27,0,0,27,0,0,0,45,0,38,0,0,0,12,0,0,0,0,0,0,0,0,0,0,0,0,0,0,0,0,0,0,0,0,0,0,0,0,0,0,0,0,0,0,0,0,0,0,0,0,0,0,0,0,0,0,0,1,0,25,0,0,0,13,0,0,0,0,34,0,0,0,0,0,0,0,0,0,0,0,41,0,4,0,0,0,0,0,0,43,0,0,0,14,0,0,2,0,0,0,0,0,0,0,0,0,0,3,20,0,0,0,0,0,9,0,0,0,0,48,0,25,0,0,0,13,0,0,0,13,0,40,0,45,22,0,0,0,0,0,0,0,0,0
0,0,0,0,0,0,0,39,0,0,0,0,0,0,0,0,0,35,0,40,0,0,0,0,0,0,0,0,0,0,0,0,0,0,0,0,0,0,0,0,0,0,0,0,0,0,0,0,0,0,0,0,0,0,0,0,0,0,0,0,0,0,0,0,0,0,0,0,0,0,5,0,0,32,0,0,0,0,0,6,0,0,0,0,0,0,0,0,0,0,0,0,0,0,0,0,0,0,0,0,0,0,0,0,0,27,0,0,0,0,0,0,0,0,0,0,0,0,0,0,0,0,0,0,0,0,0,0,0,0,0,0,0,0,0,0,0,0,0,0,0,0,0,0,0,0,0,0,0,0,0,0,0,0,0,5,0,0,0,0,0,0,0,0,0,0,0,0,0,0,0,0,0,0,0,0,0,0,0,0,0,0,0,0,0,0,0,0,0,0,0,0,0,0,0,0,25,0,0,0
0,29,0,0,0,0,14,0,0,0,44,0,37,29,0,0,0,0,0,0,0,0,0,0,0,25,0,0,0,0,23,19,0,0,0,0,11,0,0,0,0,0,0,0,4,0,0,0,0,0,0,0,0,0,0,0,0,0,0,0,0,0,0,0,0,0,0,0,0,15,0,0,0,0,0,0,0,0,1,0,0,0,0,0,0,0,9,0,0,0,0,19,0,6,0,0,0,12,0,9,0,0,0,0,47,0,0,0,0,0,0,0,0,4,0,0,0,0,0,0,41,12,0,8,0,0,0,0,0,0,0,0,0,0,0,0,45,0,0,0,0,0,0,0,0,0,0,0,0,0,0,0,0,0,0,0,0,0,0,0,0,0,0,8,0,0,0,0,0,12,0,0,0,0,0,14,0,10,0,0,0,0,0,0,0,0,0,0,0,0,0,0,0,19,0,0,0,34,0,0
0,0,2,47,0,0,0,0,26,0,0,0,0,0,0,0,0,0,0,0,0,0,0,0,0,0,0,10,0,0,0,0,0,0,0,0,0,0,0,0,0,0,0,0,0,0,0,0,0,0,34,0,0,0,0,0,0,0,0,0,0,0,0,0,0,0,0,0,0,0,0,0,0,0,12,0,0,0,0,0,0,0,0,0,0,0,0,0,0,19,0,0,0,0,0,0,0,0,0,0,0,0,0,3,0,0,0,0,0,0,0,0,0,0,0,0,0,34,0,0,0,0,30,0,0,0,0,0,0,0,0,0,0,0,0,0,0,17,0,0,49,0,0,0,0,0,0,0,0,0,0,0,0,0,17,0,0,0,0,0,0,0,0,0,0,0,0,0,0,0,0,0,0,0,0,0,0,0,0,0,0,0,0,0,0,0,0,0,32,0,0,0,0,0,0,0,0,0,1,0
13,0,0,0,0,0,0,0,0,0,0,0,0,0,0,0,0,0,0,0,0,0,18,0,0,0,0,0,0,0,0,0,41,0,0,0,0,0,0,0,47,0,0,0,0,0,0,0,0,0,0,0,0,0,0,0,41,0,0,0,0,0,0,31,0,0,0,0,0,0,0,0,0,0,0,0,0,0,0,0,0,0,0,0,0,0,0,0,0,0,0,0,0,0,0,0,29,0,0,0,0,0,0,0,0,0,0,0,0,0,0,0,0,0,0,7,0,0,0,0,0,0,0,0,0,0,0,0,0,0,0,0,0,37,0,0,0,0,0,0,0,0,0,0,0,0,0,0,0,0,0,0,0,0,0,0,0,0,0,0,0,0,0,0,0,0,0,0,0,0,0,34,0,0,0,0,0,0,0,0,0,0,0,0,0,39,0,0,0,0,0,0,0,0,0,0,40,0,0,0
0,37,39,0,0,0,0,0,0,0,0,0,0,0,0,0,0,0,0,0,0,0,0,0,0,0,0,0,6,0,0,0,0,0,0,0,0,38,0,0,0,0,0,0,0,0,0,0,24,0,0,0,0,0,0,11,12,0,0,17,0,0,0,1,0,0,0,0,0,0,0,0,33,0,0,0,0,0,0,0,38,0,0,0,0,0,0,0,0,10,0,0,0,0,0,0,0,22,0,0,0,28,0,0,0,0,0,0,0,0,0,0,0,0,0,0,0,0,0,0,0,0,0,0,0,0,0,0,0,0,0,0,0,0,0,0,0,0,3,4,0,0,0,0,0,0,11,0,0,0,0,49,0,0,0,0,0,0,0,49,0,0,0,26,0,0,0,0,0,0,0,42,0,0,0,0,0,0,0,0,0,0,0,0,0,0,0,14,0,15,0,0,0,0,0,0,0,0,0,0
0,0,0,0,0,0,0,0,0,0,0,0,0,0,0,0,0,24,0,0,0,0,0,0,0,0,0,0,0,0,0,0,0,0,0,0,0,0,0,0,0,0,0,0,0,0,0,0,0,0,0,0,0,0,0,0,0,0,0,0,0,0,0,0,0,0,0,0,0,0,11,0,0,0,0,0,0,0,0,0,0,0,0,0,0,0,0,0,0,0,0,0,0,0,0,0,0,0,0,0,0,0,0,0,0,0,0,4,0,0,0,0,0,0,0,0,0,0,0,0,0,0,0,0,0,0,0,0,0,0,0,0,0,0,0,0,0,0,0,0,0,0,0,0,0,0,0,0,0,0,0,0,0,0,0,0,0,0,0,0,0,0,0,0,0,0,0,0,0,0,0,0,0,0,0,0,0,0,0,0,0,0,0,0,0,0,0,0,0,0,0,0,0,0,0,0,0,0,0,0
0,0,36,20,0,0,0,0,0,0,0,0,0,0,0,0,25,0,0,0,0,0,0,0,0,0,0,33,0,1,0,0,0,0,15,0,0,0,0,0,0,0,0,0,0,0,0,0,0,0,1,0,26,0,0,0,0,0,0,0,0,0,0,0,0,0,0,1,0,0,0,0,0,0,0,0,0,0,0,0,0,0,0,0,0,15,0,0,0,0,21,0,0,0,0,0,0,0,0,0,0,8,0,0,0,0,0,0,0,0,45,0,0,0,0,0,0,0,0,0,0,0,0,0,0,0,0,0,0,0,0,0,0,0,0,0,0,0,0,0,25,0,1,19,0,0,0,0,0,0,1,0,0,16,0,0,0,0,0,0,25,0,0,0,0,0,0,0,0,0,0,0,0,0,0,0,0,0,0,0,0,0,0,0,0,0,0,0,0,0,0,0,35,0,0,0,0,0,0,0
0,0,0,0,0,36,0,0,0,0,0,0,15,0,0,0,0,0,0,0,0,0,0,0,0,0,0,0,0,0,0,0,0,0,0,0,42,0,0,0,0,0,0,0,0,0,19,0,0,0,0,16,0,0,36,0,0,0,0,0,48,0,39,0,0,0,1,0,0,0,0,0,0,0,0,39,0,0,0,0,0,47,0,0,0,0,1,0,0,0,0,0,0,0,0,0,0,0,4,3,0,0,0,0,0,0,31,0,44,48,0,40,0,0,36,0,0,0,0,0,0,0,0,0,0,0,0,0,0,0,0,0,0,0,0,0,0,0,0,0,0,0,0,0,0,0,0,0,0,0,0,0,0,0,0,0,0,0,24,0,0,0,0,0,0,31,15,0,0,0,0,0,0,18,0,0,0,0,0,0,0,0,0,0,26,0,0,0,0,0,0,0,0,0,3,7,0,0,0,0
10,0,0,0,0,0,0,0,0,0,0,16,0,0,0,0,0,0,49,0,0,0,0,0,0,0,0,0,0,0,0,0,48,0,0,0,0,0,0,0,0,0,0,0,0,0,0,0,0,0,0,0,0,0,0,40,0,0,0,0,0,0,0,0,0,32,0,0,0,0,0,0,0,0,0,0,0,0,0,0,0,0,0,44,0,0,0,0,0,0,0,0,0,0,0,0,0,0,0,0,0,0,0,0,0,0,0,3,0,0,0,0,0,0,0,0,0,0,0,0,0,0,0,0,0,11,0,0,0,0,0,0,0,2,0,0,0,0,0,0,0,0,0,0,0,0,0,0,0,0,0,0,0,0,0,0,0,0,0,0,0,0,0,0,0,0,0,0,0,0,0,40,0,0,0,0,0,0,0,0,0,0,0,0,0,7,0,0,0,0,30,0,0,0,0,0,26,0,0,0
0,0,0,0,0,22,0,0,0,0,24,0,0,0,0,0,0,0,0,0,0,27,0,0,0,0,29,0,0,0,0,0,0,0,0,0,25,0,0,0,0,0,0,0,27,0,0,0,0,0,0,0,0,0,0,0,0,0,0,0,0,41,0,0,0,0,41,0,0,0,0,0,0,0,0,15,0,0,0,0,0,33,0,0,44,0,0,0,0,0,0,0,0,0,0,0,0,0,0,11,23,0,0,0,0,0,0,0,26,0,0,0,0,0,0,0,6,0,0,0,3,6,0,0,0,0,0,0,0,0,0,0,0,0,0,0,0,0,0,0,0,36,0,0,0,0,0,0,0,0,0,0,36,0,0,0,0,0,0,0,0,0,27,0,0,0,0,13,0,0,0,0,0,0,0,0,27,0,13,0,0,0,0,0,0,0,0,0,0,0,0,0,0,0,14,0,0,18,0,0
0,0,0,0,0,0,0,0,0,0,0,0,0,0,0,0,0,0,0,0,0,0,0,0,0,0,0,0,0,5,0,0,0,4,0,0,0,0,0,0,0,0,0,0,0,0,0,0,0,0,0,0,30,0,0,0,0,0,0,0,0,0,0,0,0,0,0,0,0,0,0,0,0,0,9,0,0,0,0,0,0,0,10,0,0,40,0,0,0,0,47,0,0,0,0,0,0,0,0,0,0,0,0,0,0,0,0,0,0,0,0,0,0,0,0,0,0,0,0,0,0,0,0,0,0,0,0,0,0,50,0,0,0,0,28,0,0,0,0,0,0,0,46,0,0,0,0,0,0,0,0,0,0,0,0,0,0,0,0,0,0,0,0,0,0,0,0,0,21,0,0,0,0,0,0,0,0,0,0,0,0,0,12,0,0,0,0,0,0,0,0,0,0,0,0,0,0,0,0,0
0,0,0,0,0,0,50,0,40,42,0,0,0,50,0,0,0,0,37,0,0,0,0,0,0,0,0,0,0,0,0,0,0,0,19,0,0,0,0,22,0,0,0,0,9,0,0,0,0,0,0,29,0,0,0,0,0,0,13,9,0,0,11,0,0,0,6,33,0,0,0,0,21,0,0,0,9,0,0,0,0,0,0,0,0,0,7,0,0,30,0,21,0,0,0,24,0,0,0,0,0,0,0,35,40,0,0,0,0,0,0,0,0,0,0,0,0,16,0,0,0,0,27,45,0,0,0,0,0,0,0,32,0,0,0,0,29,0,0,0,0,0,0,0,0,0,37,0,0,0,0,0,0,7,0,0,0,0,0,0,8,0,22,0,6,0,0,0,0,0,6,0,0,0,0,0,0,0,0,0,0,0,0,3,40,0,0,0,14,0,0,0,0,0,7,0,0,34,0,0
0,0,0,0,0,41,48,0,0,0,0,0,0,0,0,0,0,0,0,0,0,5,0,0,0,0,0,0,0,0,0,0,0,0,0,0,0,0,0,0,0,0,0,0,17,0,30,0,0,0,0,0,0,0,23,0,0,0,0,0,2,30,0,0,0,0,0,0,0,0,0,0,0,0,0,37,0,0,0,0,0,35,0,0,30,0,0,0,0,0,0,3,0,0,0,45,0,0,0,25,44,0,0,0,0,0,0,0,0,0,0,42,0,0,0,0,29,0,0,0,8,9,0,34,0,0,0,1,0,0,0,40,0,0,0,0,0,0,0,0,0,0,0,0,29,0,0,0,0,0,0,0,12,0,0,0,0,0,0,0,0,0,0,0,0,0,0,0,0,0,0,0,0,0,0,0,0,0,0,0,0,0,0,0,0,0,0,0,0,0,0,0,0,0,0,0,0,0,0,0
0,0,0,0,0,0,0,0,3,0,0,0,0,0,0,0,0,0,0,0,0,0,0,0,0,0,0,0,0,12,0,0,0,0,0,0,0,0,0,0,0,0,0,0,0,0,0,0,0,0,41,33,0,0,0,0,0,0,0,0,0,0,0,0,0,0,0,0,0,0,0,0,36,0,0,0,40,0,0,0,0,0,0,0,0,0,0,0,0,13,0,0,0,0,0,0,0,0,0,0,0,0,0,0,0,0,13,0,0,0,24,0,0,0,0,0,0,14,0,0,0,0,0,0,0,0,0,0,0,0,0,0,0,0,0,0,0,0,0,0,37,0,0,35,0,0,17,0,0,0,45,0,0,38,0,0,0,0,0,0,16,0,0,0,0,0,37,0,0,0,0,0,0,0,0,0,0,0,0,0,0,0,0,0,0,0,0,0,47,0,0,0,0,0,0,0,0,0,0,0
0,0,0,0,0,0,0,0,28,0,0,0,0,0,0,0,35,0,0,0,4,0,0,0,0,30,0,29,0,0,0,0,0,0,0,0,0,0,0,0,0,0,48,0,20,0,0,0,0,0,0,0,0,0,0,0,0,0,27,0,0,0,0,0,0,14,0,33,0,0,0,0,0,0,0,0,19,0,0,0,0,0,0,0,0,47,0,0,0,25,12,0,0,0,0,0,0,0,0,0,1,0,0,0,0,0,0,0,0,0,41,0,0,0,0,0,0,49,0,0,0,0,0,0,0,0,0,0,0,0,0,0,0,0,0,0,42,0,8,0,5,0,43,0,0,0,50,0,34,0,0,0,0,30,0,0,0,0,1,0,9,0,0,0,0,0,44,0,0,0,0,0,0,0,0,0,0,0,46,0,0,0,0,7,0,0,0,0,4,0,0,0,0,0,0,0,0,0,0,0
0,0,0,11,0,0,0,0,0,0,0,0,0,0,0,0,41,0,0,0,0,0,0,0,0,0,0,0,38,0,0,0,0,41,38,0,0,0,29,0,0,0,0,0,0,0,0,0,0,0,0,6,34,0,0,0,0,0,0,0,0,0,0,0,0,0,0,0,31,0,0,0,0,0,33,0,9,0,0,0,0,0,39,0,0,5,0,0,0,0,46,0,27,0,0,0,0,0,0,0,0,47,0,0,0,0,0,0,0,0,0,0,0,0,0,0,0,0,0,0,0,0,0,0,0,0,0,0,0,16,0,0,0,0,13,0,0,0,0,0,5,0,0,0,0,0,0,0,0,0,20,23,0,0,44,0,0,0,0,0,0,0,0,0,0,0,13,0,0,0,0,0,0,0,0,0,0,0,0,0,47,0,7,45,0,0,0,0,27,0,0,0,0,0,0,0,0,0,7,0
0,0,0,0,0,38,0,0,0,44,0,0,16,0,0,0,0,0,0,0,0,0,0,0,0,0,0,0,0,0,0,0,0,0,0,47,28,0,0,0,0,0,0,0,0,0,0,0,46,13,0,0,0,0,0,0,0,0,0,5,0,0,0,0,32,0,0,0,0,0,0,0,0,0,0,1,0,19,0,0,0,0,0,0,0,0,44,48,0,0,0,0,0,0,0,12,0,0,0,0,49,0,0,0,30,0,0,0,0,0,0,50,12,0,0,0,34,0,0,0,46,1,0,0,0,0,28,0,0,0,0,10,0,0,0,0,0,0,0,0,0,0,0,0,27,0,0,0,0,0,0,0,0,0,0,0,0,0,0,0,0,0,0,0,0,0,0,0,0,0,0,0,0,0,0,19,0,0,0,0,0,39,0,0,0,0,0,0,0,0,0,0,0,50,0,0,0,1,0,34
0,0,0,0,8,0,0,0,0,0,0,0,0,0,0,0,0,0,0,0,0,0,0,0,0,0,0,0,0,0,15,0,0,0,0,0,0,3,0,1,0,0,0,0,0,0,0,39,37,14,0,0,0,0,0,0,37,0,0,0,0,0,0,25,0,0,0,0,0,2,0,0,0,0,0,0,0,20,27,0,0,0,0,0,0,0,0,16,20,0,0,21,0,0,0,0,0,0,0,0,0,0,0,0,0,0,0,0,0,0,0,0,32,20,0,0,0,0,0,26,0,0,0,0,35,0,0,0,0,0,0,0,0,26,0,0,0,0,0,0,0,0,0,0,0,0,0,0,0,41,0,0,0,0,0,0,0,0,0,0,0,0,0,29,12,0,0,0,0,0,15,0,0,0,27,0,0,0,0,0,0,8,0,0,0,0,0,0,0,0,0,0,0,38,0,0,0,0,0,44
0,23,0,0,0,0,0,25,0,0,0,0,0,0,0,0,0,0,34,0,0,0,0,0,0,0,0,0,0,0,0,45,0,0,0,0,0,46,0,0,0,0,0,0,0,29,0,0,3,0,0,0,0,0,0,49,12,0,0,28,0,0,0,0,0,40,0,0,0,0,0,0,0,0,0,0,0,44,0,13,0,0,0,0,0,0,0,0,0,0,0,0,0,0,0,0,0,19,0,0,0,0,0,0,0,7,0,0,0,0,0,0,0,0,0,0,0,0,0,0,0,0,0,0,0,0,0,0,0,0,0,0,0,33,0,0,0,0,0,0,0,0,0,0,0,50,0,0,0,0,0,0,0,0,0,0,0,2,0,0,0,0,0,0,0,0,0,0,0,0,0,41,0,0,0,0,0,0,0,0,0,0,0,0,0,0,0,0,0,10,0,0,0,0,0,0,25,0,0,46
0,0,0,41,0,0,0,0,0,0,0,0,0,0,0,0,34,0,0,0,2,0,0,0,0,0,0,0,0,0,0,0,0,0,0,0,0,0,39,0,0,0,0,0,0,0,0,0,0,0,0,0,0,0,0,0,0,0,0,0,0,0,0,0,0,0,0,0,1,0,0,0,0,0,22,0,0,0,0,0,0,0,48,0,0,0,0,0,0,0,27,0,0,0,0,0,0,0,0,0,0,0,0,0,0,0,0,0,0,0,0,0,0,0,0,0,0,0,0,0,0,0,0,0,0,0,0,0,0,29,0,0,0,0,4,0,0,0,0,0,16,0,1,0,0,0,0,0,0,0,0,10,0,0,0,0,0,0,0,0,0,0,0,0,0,0,0,0,23,0,0,0,0,0,0,0,0,0,0,40,49,0,0,0,0,0,0,0,0,0,0,0,0,0,0,0,0,0,0,0
0,0,0,0,0,0,20,0,12,0,0,0,0,0,0,0,24,0,0,0,0,0,0,0,0,0,0,11,44,0,0,0,0,0,0,0,0,0,3,0,0,0,0,0,9,0,0,0,0,0,0,0,0,0,0,0,0,0,24,0,0,0,0,0,0,0,0,43,0,0,0,0,3,0,0,0,0,0,0,0,0,0,0,0,0,0,0,0,0,0,0,0,0,0,0,0,0,0,0,0,0,0,0,0,0,0,34,0,0,0,38,0,0,0,0,0,0,39,0,0,0,0,0,0,0,0,0,0,0,0,0,0,0,0,0,0,0,45,0,0,0,0,0,0,0,0,20,0,29,0,0,39,0,0,12,0,0,0,0,0,0,0,49,0,0,33,0,0,0,0,0,0,0,0,0,0,0,0,20,0,0,0,0,0,0,0,18,0,0,0,0,0,0,0,0,0,0,0,0,0
0,0,0,0,0,24,0,0,0,0,0,0,44,0,0,0,0,0,0,0,0,0,0,36,0,0,20,0,0,0,0,0,0,0,0,0,0,0,0,0,0,0,0,0,0,0,0,0,0,0,0,0,0,0,28,0,0,8,0,0,0,0,0,0,0,0,15,0,0,0,0,0,0,0,0,0,0,0,0,0,0,3,0,0,0,0,0,0,0,0,0,2,0,0,0,0,0,0,0,0,0,0,0,0,16,0,0,0,0,27,0,0,0,0,0,0,27,0,0,0,43,0,0,0,0,0,0,26,0,0,41,3,0,0,0,0,0,0,0,0,0,0,0,0,0,0,0,0,0,0,0,0,23,0,0,0,0,0,0,0,0,0,0,0,0,0,0,0,0,0,0,0,0,0,0,41,0,0,0,0,0,38,0,0,0,0,0,0,0,0,0,0,0,12,20,21,0,47,0,0
0,12,0,0,0,37,0,0,0,43,0,0,0,0,0,0,0,0,0,0,0,0,0,0,0,15,15,0,0,0,0,0,0,0,0,29,0,0,0,2,0,0,49,0,37,0,0,0,0,0,0,0,0,0,46,0,0,38,0,0,0,0,15,0,0,0,0,0,0,17,0,0,0,0,0,27,17,0,9,0,0,45,0,0,0,0,0,0,0,0,0,0,0,0,32,0,0,41,0,28,0,0,0,39,0,0,0,0,0,20,0,0,50,0,0,0,0,0,0,0,15,0,0,0,0,0,0,0,0,0,0,50,0,0,0,0,42,0,0,0,0,23,0,0,0,0,16,0,0,0,0,0,10,20,0,0,30,0,28,0,0,0,33,9,0,8,0,0,0,0,11,0,0,0,0,0,0,0,0,0,0,0,0,0,0,0,0,0,0,0,0,0,0,42,45,36,0,0,0,0
0,20,4,0,0,0,26,0,0,0,0,0,0,6,0,17,0,0,0,0,0,0,0,0,0,48,0,0,4,0,0,0,0,0,0,0,0,0,8,0,0,0,0,0,28,0,6,0,0,0,0,0,0,23,0,45,13,0,0,0,0,0,0,42,0,0,0,0,0,0,0,0,46,0,0,0,0,0,0,0,0,0,0,0,0,0,0,0,0,0,0,0,0,0,0,0,0,0,0,0,29,0,0,8,0,0,0,0,0,0,0,0,0,0,0,0,0,13,0,0,0,0,0,0,0,0,0,0,0,0,0,0,0,34,0,0,0,0,0,0,0,0,0,0,0,0,26,0,0,0,0,49,0,8,0,0,0,0,0,23,32,0,0,0,37,0,0,0,0,0,0,0,0,0,0,0,0,0,0,0,0,0,0,0,0,0,13,0,0,18,0,0,0,0,0,0,0,0,0,0
0,0,48,9,0,0,0,0,44,0,0,0,0,0,0,0,18,0,20,0,1,0,0,0,0,16,0,33,41,0,0,0,0,0,0,0,0,0,0,0,0,0,0,0,14,0,0,0,0,0,11,0,0,6,0,0,0,0,37,0,0,0,26,0,0,0,0,48,0,0,0,0,45,0,44,0,0,0,0,0,0,0,0,0,0,6,0,0,0,0,46,0,0,0,0,0,0,0,0,0,0,36,0,27,0,0,0,0,0,0,0,0,0,0,0,0,0,0,0,0,0,0,0,0,0,0,0,0,0,0,0,0,0,0,29,0,0,44,9,0,0,0,0,5,0,0,0,0,0,0,0,0,0,0,0,0,0,0,0,0,0,0,0,0,0,0,0,0,0,0,0,0,0,0,0,0,0,0,0,0,0,0,39,0,0,0,2,0,25,0,0,0,0,0,0,0,0,0,0,0
0,0,0,0,0,0,0,0,0,18,0,0,28,0,0,30,0,0,9,0,0,0,0,0,0,0,0,0,0,0,28,0,3,0,0,0,0,37,0,0,0,0,0,14,0,0,5,0,5,18,0,0,0,0,0,0,22,0,0,0,0,0,0,9,0,0,0,0,0,0,0,0,0,0,0,0,0,25,0,0,0,0,0,0,0,0,0,0,0,0,0,25,0,0,0,5,0,0,0,23,0,0,0,0,0,0,0,0,0,0,0,0,43,0,0,0,0,0,0,9,0,27,0,0,7,0,0,0,0,0,0,0,0,34,0,0,0,0,0,0,0,0,0,0,0,0,0,0,0,0,0,0,0,0,0,0,0,0,0,0,0,0,0,0,14,0,0,0,0,11,30,0,0,0,0,7,0,0,0,0,0,0,0,0,0,2,0,39,0,0,0,0,0,49,28,0,0,0,0,0
0,0,0,0,0,0,0,0,0,0,0,0,0,0,0,0,0,0,50,0,0,0,17,0,0,0,0,0,0,0,0,0,0,0,0,0,0,0,0,0,0,0,0,0,0,0,0,0,0,0,0,0,0,0,0,25,0,0,0,0,0,0,0,0,0,6,0,0,0,0,0,0,0,0,0,0,0,0,0,0,0,0,0,1,0,0,0,0,0,0,0,0,33,0,0,0,11,0,0,0,0,0,0,0,0,0,0,37,0,0,0,0,0,0,0,0,0,0,0,0,0,0,0,0,0,0,0,0,0,36,0,0,0,0,0,0,0,0,0,25,0,0,0,0,0,0,0,0,0,0,0,0,0,0,0,0,0,0,0,0,0,23,0,0,0,0,0,0,0,0,0,0,0,0,0,0,0,0,0,0,0,0,35,10,0,0,0,0,0,0,0,0,0,0,0,0,0,0,0,0
0,0,0,0,3,0,0,0,0,0,0,0,0,0,0,0,0,0,0,0,0,0,0,0,0,0,0,0,0,0,0,35,43,0,0,0,0,0,0,0,0,0,0,0,0,0,0,0,0,0,0,0,0,0,0,0,0,0,0,0,0,0,0,0,0,0,0,0,0,0,0,14,0,0,0,0,0,0,0,33,0,0,0,0,0,0,0,0,3,0,0,0,0,0,0,0,0,0,0,0,0,0,10,0,0,0,0,0,0,0,0,0,0,42,0,0,0,0,0,0,0,0,0,0,35,0,0,0,7,0,0,0,0,17,0,0,0,0,0,0,0,0,0,0,0,0,0,0,0,12,0,0,0,0,0,0,0,0,0,25,0,0,0,0,0,0,0,0,0,0,0,1,0,0,0,0,0,0,0,0,0,0,0,0,0,33,0,0,0,0,0,0,0,0,0,0,0,0,0,0
0,19,0,0,0,0,0,0,0,0,0,0,0,8,0,22,0,0,32,0,0,0,0,0,0,38,0,0,0,0,25,11,0,0,0,0,0,48,0,27,0,0,0,0,46,0,7,0,28,0,0,0,0,0,0,0,0,0,0,44,0,4,25,0,0,9,14,35,0,14,0,0,0,0,0,0,27,0,0,0,0,0,0,0,0,0,38,0,0,18,0,46,0,22,0,14,0,38,0,26,0,0,0,0,38,0,0,0,0,10,49,29,0,0,0,0,0,0,0,0,47,20,0,47,0,0,0,0,0,0,0,0,0,0,0,0,0,0,0,0,0,0,0,0,49,0,46,0,40,0,17,0,42,0,0,0,0,0,30,0,0,0,0,0,3,48,44,0,0,0,0,0,0,0,0,0,0,0,0,0,0,0,0,0,0,0,0,0,0,0,0,0,0,0,0,0,0,0,0,28
0,0,0,0,44,0,0,0,0,0,0,0,0,38,0,0,0,0,0,0,0,0,0,0,0,0,0,0,0,0,0,18,27,0,0,0,0,0,0,0,0,8,0,0,0,31,0,0,0,0,0,0,0,0,0,12,45,0,0,8,0,0,0,0,0,0,0,0,0,0,0,0,0,0,0,0,0,38,0,0,0,0,0,0,0,0,0,0,0,0,0,0,0,0,0,0,0,28,0,0,0,0,23,0,0,39,0,0,0,0,0,0,0,8,0,0,0,0,0,46,0,0,0,0,0,0,0,0,0,0,0,0,0,17,0,0,0,0,0,0,0,0,0,0,0,0,0,0,0,32,0,0,0,0,0,0,0,0,0,35,0,0,0,0,0,0,0,0,0,0,0,0,24,0,0,0,0,10,0,0,0,0,0,0,0,0,0,0,0,0,0,0,0,0,0,0,0,0,0,31
0,0,35,0,0,0,0,0,44,2,6,0,37,0,0,0,0,0,0,0,0,37,0,0,0,0,0,0,0,0,0,0,0,0,0,0,0,0,0,0,0,0,0,0,0,0,17,0,0,0,0,0,0,0,43,0,0,0,0,0,0,0,0,0,0,0,1,0,0,0,0,0,0,0,0,0,0,0,0,0,0,18,0,0,0,0,0,0,0,0,0,0,0,2,0,48,0,0,4,0,0,45,0,11,0,0,0,0,0,23,30,42,0,0,44,0,0,0,0,0,33,0,18,0,0,0,0,0,0,0,0,13,0,0,0,9,44,0,0,0,0,0,0,0,10,0,0,0,9,0,0,32,0,41,0,0,0,0,0,0,40,0,0,5,0,12,40,0,0,28,37,0,0,0,0,0,0,0,45,0,0,0,0,0,49,0,16,0,0,0,0,0,0,0,30,35,0,16,0,0
0,0,0,0,0,0,0,33,0,0,0,0,0,0,0,0,0,0,0,0,0,0,0,0,0,0,0,0,0,0,0,41,0,0,0,0,0,0,0,0,0,46,0,0,0,0,0,6,0,0,0,0,0,0,0,0,31,0,0,0,0,0,0,49,0,0,0,0,0,0,0,7,0,0,0,0,0,0,0,21,0,0,0,0,0,0,0,0,31,0,0,0,0,0,0,0,0,0,0,0,0,0,42,0,0,0,0,0,0,0,0,0,0,0,0,0,0,0,0,0,0,0,0,0,50,0,0,0,3,0,0,0,0,0,0,0,0,0,0,0,0,0,0,0,0,0,0,0,0,0,0,0,0,0,0,0,0,0,0,26,0,0,0,0,0,0,0,0,0,0,0,0,28,0,0,0,0,0,0,0,0,0,0,0,0,0,0,45,0,0,0,0,0,0,0,0,0,0,0,0
0,8,0,0,0,4,0,0,0,42,15,0,0,2,0,50,0,0,0,0,0,0,0,12,0,36,0,0,0,0,35,0,0,0,0,0,49,0,0,0,0,0,0,0,0,0,0,0,4,0,0,0,0,0,34,0,0,0,1,0,0,28,0,0,0,0,17,18,0,46,0,0,0,0,0,0,31,0,42,0,0,43,0,0,26,0,2,0,0,0,0,48,0,31,0,0,0,18,0,0,37,0,0,47,13,0,0,0,0,0,40,13,29,0,0,0,0,0,0,4,0,11,0,0,0,0,0,38,0,0,0,0,0,0,0,0,18,0,0,0,0,0,0,0,0,0,21,0,0,0,7,0,18,0,0,0,0,0,0,0,0,0,0,44,0,0,37,0,0,19,31,0,0,48,0,0,0,0,0,0,0,0,0,0,0,0,8,0,0,0,0,0,0,0,0,0,0,38,0,0
0,0,0,0,15,0,0,0,0,0,0,0,0,0,0,0,0,0,0,0,0,0,0,0,0,0,0,0,0,0,32,0,0,0,0,0,0,0,0,0,0,44,0,34,0,0,0,0,0,26,0,0,0,0,0,0,0,0,0,0,0,0,0,0,0,0,0,0,0,0,0,0,0,0,0,0,0,0,0,16,0,0,0,0,0,0,0,18,18,0,0,0,0,0,0,0,0,0,0,0,0,0,0,0,0,0,0,0,0,0,0,0,0,0,0,0,0,0,0,0,0,0,0,0,0,0,40,0,40,0,0,0,20,0,0,0,0,0,0,0,0,0,0,0,0,42,0,0,0,0,0,0,0,0,0,0,0,0,0,30,0,0,0,0,0,0,0,0,0,0,0,0,0,0,0,0,0,0,0,0,0,0,0,0,0,0,0,0,0,0,0,21,0,0,0,0,0,0,0,0
0,0,0,0,0,0,47,0,0,2,0,0,0,0,0,7,0,0,0,0,0,0,0,0,0,0,0,0,0,0,0,0,0,0,0,0,0,47,0,0,0,36,0,25,0,0,0,40,0,23,0,0,0,0,0,0,0,0,0,23,0,0,0,0,0,0,0,0,0,0,0,0,0,0,0,0,0,3,0,0,0,0,0,0,0,0,0,0,0,0,0,36,0,0,0,0,0,44,0,0,0,0,48,0,0,0,0,0,0,0,0,0,0,12,0,15,0,0,0,21,0,0,0,0,25,0,0,0,0,0,0,0,0,18,0,0,0,0,0,0,0,0,0,0,0,0,0,0,0,0,0,0,7,0,0,0,0,0,0,21,0,0,0,0,30,0,0,0,0,0,7,0,0,0,0,0,0,0,0,0,0,0,0,0,0,0,0,38,0,0,23,0,0,0,0,0,0,0,0,0
0,15,0,0,0,45,0,0,0,49,39,0,23,0,0,31,0,0,0,0,0,0,0,0,0,0,0,0,0,0,0,0,0,0,0,26,20,0,0,0,0,0,0,0,0,0,37,0,0,0,0,0,0,0,0,0,0,0,0,0,0,0,0,0,30,0,0,0,0,0,0,0,0,0,0,0,0,0,48,0,0,0,0,0,0,0,0,0,0,0,0,0,0,0,0,0,0,0,0,0,0,0,0,0,0,0,0,0,0,0,0,0,0,0,0,0,45,0,19,1,43,24,0,0,0,0,0,0,0,0,0,0,0,0,0,0,0,0,0,0,0,8,0,0,0,0,0,34,0,0,0,0,0,0,0,0,16,0,0,0,0,0,0,0,0,0,0,0,0,0,24,0,0,0,36,50,0,0,0,0,0,0,0,0,0,0,0,0,0,0,0,0,0,16,0,0,0,20,0,0
0,0,0,0,0,0,0,0,37,0,0,0,0,0,0,0,0,0,0,0,0,0,0,0,16,0,0,0,28,42,0,0,0,30,16,0,0,0,0,0,0,0,0,0,0,0,0,0,0,0,0,0,0,0,0,0,0,0,0,0,0,0,0,0,0,0,0,0,0,0,0,0,38,0,0,0,0,0,0,0,0,0,30,0,0,0,0,0,0,0,0,0,38,0,0,0,0,0,0,0,0,0,0,0,0,0,0,0,0,0,0,0,0,0,0,0,0,0,0,0,0,0,0,0,0,0,0,0,0,0,0,0,0,0,8,0,0,40,0,0,0,0,42,29,0,0,0,0,0,0,0,41,0,0,0,0,0,0,0,0,0,0,0,0,0,0,0,0,0,0,0,0,0,0,0,0,0,0,0,0,0,0,17,0,0,0,0,0,0,0,0,0,0,0,0,0,0,0,30,0
0,0,0,0,0,0,0,0,0,0,0,0,0,0,0,0,44,0,0,0,41,0,0,0,0,0,0,0,43,0,0,0,0,0,5,0,0,0,35,0,0,0,0,0,32,0,0,0,0,0,0,0,0,0,0,0,0,0,46,0,0,0,0,0,0,0,0,21,0,0,0,0,0,0,0,0,47,0,0,0,0,0,0,0,0,0,0,0,0,0,0,0,0,0,0,0,0,0,0,0,10,30,0,0,0,0,17,0,0,0,43,0,0,0,0,0,0,0,0,0,0,0,7,13,0,0,0,0,0,0,0,0,0,0,0,0,0,0,0,0,0,0,0,0,0,0,0,0,0,0,12,0,0,30,0,0,0,0,0,0,3,0,42,0,0,0,0,0,0,0,0,0,0,0,0,0,0,0,0,0,0,0,0,0,0,0,0,0,46,0,0,0,30,0,0,0,0,0,0,0
0,0,0,48,0,0,0,0,0,0,0,0,0,0,0,0,0,0,0,0,0,0,0,0,0,0,0,0,0,0,0,0,0,6,0,0,0,0,3,0,0,0,0,0,0,0,0,0,0,0,29,0,0,0,0,0,0,0,0,0,0,0,0,0,0,0,0,0,25,0,0,0,33,0,29,0,0,0,0,0,0,0,0,0,0,38,0,0,0,0,0,0,25,0,0,0,0,0,0,0,0,0,0,0,0,0,0,0,0,0,0,0,0,0,0,0,0,36,0,0,0,0,0,0,0,0,0,0,0,0,0,0,0,0,0,0,0,0,0,0,0,0,0,0,0,0,0,0,0,0,0,18,0,0,0,0,0,0,0,0,16,27,0,0,0,0,0,0,6,0,0,0,0,0,0,0,0,0,0,0,22,0,0,0,0,0,0,0,0,0,0,0,0,0,0,0,0,0,0,0
0,0,39,0,0,0,0,0,0,0,0,0,0,0,0,0,0,0,42,0,0,0,19,0,0,14,0,0,25,0,0,0,0,0,0,0,0,0,0,0,17,0,0,0,0,0,0,0,0,0,0,0,0,0,0,0,0,0,0,4,0,0,0,0,0,0,0,0,8,0,0,0,49,0,0,0,0,0,0,0,4,0,0,25,0,0,0,0,0,31,0,0,0,0,0,0,46,29,0,0,0,14,0,0,0,0,0,0,0,0,0,0,0,0,0,32,0,39,0,0,0,0,0,0,0,16,0,0,0,37,0,0,0,0,24,0,0,0,23,39,0,0,0,0,0,0,16,0,0,0,0,0,0,0,0,0,0,0,0,0,0,0,0,0,0,0,0,0,0,0,0,0,0,0,0,0,0,0,0,0,0,0,38,24,0,0,0,0,0,26,44,0,0,0,0,0,0,0,0,0
0,0,0,0,0,12,0,0,0,0,3,0,0,0,0,0,0,0,0,0,0,0,0,27,0,0,0,0,0,0,0,0,0,0,0,0,0,0,0,0,0,0,0,0,0,0,0,0,0,0,0,0,0,0,0,0,0,50,0,0,10,0,0,0,0,0,32,0,0,0,0,0,0,0,0,32,0,0,0,0,0,17,0,0,0,0,30,0,0,0,0,7,0,0,0,0,0,0,0,0,0,0,0,0,0,0,0,0,0,12,0,10,0,0,0,0,1,0,0,0,0,10,0,0,0,0,0,37,0,0,0,22,0,0,0,0,0,0,0,0,0,0,0,0,28,0,0,0,0,0,0,0,0,0,0,0,0,0,45,0,0,0,40,0,0,0,0,42,0,0,6,0,0,0,0,0,32,0,0,0,0,0,0,0,0,0,0,0,0,0,0,0,0,0,0,25,0,39,0,0
46,49,0,0,0,0,0,0,0,0,0,0,0,6,0,0,0,46,0,0,0,0,0,0,0,0,0,0,0,0,0,0,0,0,0,0,0,0,0,27,0,0,0,0,0,0,0,0,22,0,0,0,0,33,0,0,0,0,0,0,0,0,0,0,0,0,0,0,0,0,0,0,0,0,0,0,0,0,0,0,0,0,0,0,0,0,0,0,0,0,0,0,0,0,0,0,4,0,0,0,0,0,0,0,0,22,0,0,0,0,0,0,0,0,0,6,0,0,0,0,0,0,0,0,0,0,0,0,0,0,0,0,0,44,0,0,0,0,13,31,0,0,0,0,0,0,0,0,0,0,0,0,0,0,0,0,0,0,0,0,0,0,0,0,0,0,0,0,0,0,0,18,0,0,0,0,0,0,0,0,0,0,0,0,0,37,0,0,0,10,0,0,0,0,0,0,48,0,0,0
0,6,0,0,0,0,0,15,0,0,0,0,0,0,0,0,0,0,0,0,0,0,10,0,0,0,0,0,0,0,0,0,0,0,0,0,0,0,0,0,0,49,0,0,0,0,0,0,13,0,0,0,0,0,0,15,0,0,0,32,0,0,0,0,0,1,0,0,0,0,0,0,0,0,0,0,0,0,0,28,0,0,0,0,0,0,0,0,0,0,0,0,0,0,0,0,0,6,0,0,0,0,0,0,0,0,0,0,0,0,0,0,0,0,0,0,0,0,0,0,0,0,0,0,3,0,0,0,0,0,0,0,0,0,0,0,0,0,0,0,0,0,0,0,0,14,0,0,0,22,0,0,0,0,0,0,0,0,0,43,0,0,0,0,0,0,0,0,0,0,0,26,0,0,0,0,0,0,0,0,0,0,0,0,0,37,0,30,0,28,24,0,0,0,0,0,0,0,0,21
0,0,0,0,0,12,0,0,0,0,0,0,35,0,0,3,0,0,0,0,0,0,0,35,0,0,2,0,0,0,39,0,0,0,0,0,0,0,0,0,0,0,0,0,0,0,23,0,0,20,0,0,0,0,0,0,0,0,0,0,0,47,0,0,34,0,33,0,0,0,0,0,0,0,0,0,0,0,25,0,0,0,0,0,0,0,0,19,0,0,0,0,0,23,0,0,0,0,0,30,0,0,0,0,28,0,0,0,0,0,0,0,0,0,0,0,6,0,0,46,0,0,0,0,0,0,0,0,0,0,0,19,0,0,0,0,0,0,0,0,0,0,0,0,0,0,0,0,0,0,0,0,28,0,0,0,0,0,0,0,0,0,0,0,13,12,0,0,0,0,0,0,0,42,0,0,0,0,0,0,0,50,0,0,0,0,0,0,0,0,0,0,0,0,0,29,0,0,0,0
0,0,0,0,0,0,0,0,0,0,1,0,0,0,0,0,22,0,0,0,38,0,0,0,0,0,0,17,0,18,0,0,0,0,0,0,0,0,0,0,0,0,37,0,43,0,0,0,0,0,0,0,0,0,0,0,0,0,0,0,0,2,15,0,0,0,0,0,0,0,0,0,0,0,0,0,0,0,0,0,0,0,0,0,0,0,0,0,0,43,0,0,0,0,0,0,0,0,4,4,40,34,0,42,0,0,0,0,0,0,19,0,0,0,0,0,0,38,0,0,0,0,4,0,0,0,0,0,0,0,0,0,0,0,0,0,28,15,0,0,7,0,0,1,0,0,0,0,0,0,26,0,0,35,39,0,0,0,33,0,11,0,0,0,0,42,0,0,0,0,0,0,0,0,0,0,0,0,0,0,0,0,0,0,13,0,0,0,45,0,0,0,0,0,0,0,0,0,0,0
0,12,0,0,0,0,0,0,0,29,0,0,0,0,0,21,0,0,0,0,0,0,0,0,0,0,0,0,0,0,0,15,0,0,0,0,37,12,0,19,0,0,0,0,0,0,19,0,0,0,0,0,0,0,0,30,0,0,0,0,0,0,0,0,0,15,0,0,0,0,0,0,0,0,0,0,0,18,0,0,0,0,0,0,0,0,0,0,0,0,0,18,0,0,0,47,0,0,0,0,0,0,0,0,0,0,0,0,0,0,0,0,0,32,0,22,0,0,0,0,0,0,0,0,0,0,0,0,0,0,0,0,0,2,0,0,0,0,0,0,0,0,0,0,0,0,21,0,0,0,0,0,0,8,0,0,0,0,0,20,0,0,0,18,0,0,0,0,0,47,0,0,0,0,0,0,0,45,0,0,0,0,0,0,0,0,5,33,0,18,41,0,0,0,0,0,0,0,0,0
0,0,0,0,0,0,0,0,0,0,0,0,40,0,0,0,0,0,0,0,0,0,0,10,0,0,0,0,0,0,0,0,0,0,0,0,0,0,0,0,0,0,0,0,45,0,0,0,0,0,0,45,0,0,0,0,0,0,0,0,0,23,14,0,0,0,0,0,0,0,0,0,0,0,0,0,0,0,0,0,0,46,0,0,0,0,0,0,0,0,0,0,0,26,0,0,0,0,0,0,0,0,0,0,0,0,0,0,2,24,0,0,0,0,0,0,0,0,0,0,31,0,0,19,0,0,0,0,0,0,0,18,0,0,0,0,0,0,0,0,0,0,0,0,0,0,0,0,0,0,0,0,0,0,0,0,0,0,0,0,0,0,0,0,0,0,18,0,0,0,0,0,0,25,0,0,0,0,41,0,0,0,0,0,0,0,0,0,0,0,0,0,0,0,0,44,0,4,0,0
0,0,0,0,0,42,30,0,0,0,0,0,0,0,0,0,0,0,0,0,0,43,0,0,0,24,0,0,0,0,0,0,0,0,0,0,43,0,0,0,0,0,0,0,4,0,0,0,0,0,0,12,0,0,43,0,0,0,0,0,0,0,31,0,0,0,0,26,0,0,0,0,0,0,0,0,2,0,0,0,0,0,0,0,0,0,11,0,0,0,0,0,0,12,10,35,0,0,45,0,27,0,0,0,0,0,5,0,40,0,20,20,0,0,13,0,0,0,0,0,2,0,0,0,0,0,0,0,0,0,0,48,0,0,0,34,0,0,0,0,0,0,0,0,0,0,0,0,5,0,0,0,0,37,0,0,0,0,0,0,0,0,8,0,0,0,45,0,0,0,0,0,0,0,0,0,0,0,13,0,0,0,0,0,0,0,0,0,0,0,0,0,38,0,0,0,0,0,0,0
0,0,0,0,0,0,3,0,0,0,42,0,0,0,0,0,34,0,0,0,10,0,0,0,0,0,24,20,4,0,0,0,0,0,27,0,0,0,0,0,0,0,0,0,24,0,34,0,0,0,0,28,0,0,0,0,0,0,0,0,0,0,0,0,0,0,49,0,0,0,0,0,0,0,0,0,8,0,0,0,0,48,0,0,0,0,0,0,0,35,0,0,0,19,0,0,0,0,46,3,19,0,0,0,0,0,0,0,0,8,0,0,0,0,0,0,0,0,0,0,0,0,0,0,0,0,0,0,0,0,0,0,0,0,0,0,48,0,0,0,0,0,0,0,0,0,0,0,0,0,0,33,49,20,0,0,0,0,40,0,11,0,0,30,0,22,0,0,0,0,0,0,0,0,0,0,0,0,29,0,0,0,0,50,0,0,0,0,0,0,0,0,0,0,0,0,0,0,0,0
50,27,0,0,0,0,0,0,0,0,0,0,0,0,0,0,0,0,0,0,0,0,0,0,0,0,0,0,0,0,0,0,16,0,0,0,0,0,0,0,0,34,0,49,0,0,0,0,47,0,0,0,0,0,0,32,25,0,0,33,0,0,0,0,0,6,0,0,0,0,0,0,0,0,0,0,0,0,0,8,0,0,0,0,0,0,0,0,0,0,0,0,0,0,0,0,0,23,0,0,0,0,23,0,0,0,0,0,0,0,0,0,0,0,0,0,0,0,0,0,0,0,0,0,0,0,0,0,0,0,0,0,0,0,0,0,0,0,0,0,0,0,0,0,0,0,0,0,0,27,0,0,0,0,0,0,0,0,0,31,0,0,0,0,0,0,0,0,0,0,0,46,0,0,0,0,0,0,0,0,0,0,0,0,0,3,0,9,0,0,0,0,0,0,0,0,0,0,0,39
0,0,0,0,0,0,0,0,0,0,0,0,0,0,0,0,0,0,0,0,0,0,0,0,0,0,0,0,0,0,0,0,0,0,0,32,46,0,0,0,0,0,0,0,0,0,0,0,0,0,0,0,0,0,10,0,0,0,0,0,0,0,0,0,0,0,27,0,0,0,0,0,0,0,0,46,0,0,33,0,0,0,0,0,3,0,0,39,0,0,0,0,0,0,0,12,0,0,0,0,0,0,0,0,32,0,0,0,0,0,0,0,0,0,0,0,40,0,0,0,0,10,0,0,0,0,0,4,0,0,0,8,0,0,0,0,0,0,0,0,0,0,0,0,0,0,0,0,0,0,0,0,0,0,0,0,0,0,0,0,0,0,0,0,0,0,0,0,0,0,5,0,0,34,6,0,0,0,0,0,0,0,0,0,0,0,0,0,0,0,0,0,0,45,26,42,0,0,0,0
0,0,9,0,0,0,0,0,0,0,0,0,0,0,0,0,0,0,22,0,0,0,0,0,0,0,0,0,0,0,0,37,0,0,0,0,0,4,0,43,0,0,0,0,0,0,0,0,6,0,0,0,0,19,0,19,0,0,0,0,0,0,0,0,0,0,0,0,0,0,0,0,0,0,0,0,0,0,0,0,0,0,0,0,0,0,0,0,0,0,0,0,0,0,0,0,0,0,0,0,0,0,0,0,0,38,0,0,0,0,0,0,0,37,0,49,0,0,0,0,0,0,0,0,0,19,0,0,0,0,0,0,0,0,0,0,0,0,35,46,0,0,0,0,0,0,0,0,0,0,0,0,0,0,0,0,0,0,0,0,0,44,0,27,0,0,0,0,0,16,0,40,0,0,0,0,0,0,0,0,0,0,0,37,0,0,0,0,0,23,32,0,0,0,0,0,0,0,0,1
0,0,0,0,0,47,0,0,0,0,1,0,23,0,0,0,0,0,0,0,0,0,0,0,0,0,4,0,0,0,0,0,0,0,0,0,40,0,0,0,0,0,0,0,0,0,0,0,0,0,0,0,0,0,0,0,0,0,0,0,6,29,0,0,0,0,0,0,0,0,0,0,0,0,0,29,0,0,0,0,0,0,0,0,0,0,0,0,0,0,0,15,0,5,43,0,0,0,48,25,0,0,0,0,29,0,0,0,43,0,0,41,0,0,0,0,0,0,0,0,6,28,0,0,0,0,0,28,0,0,0,20,0,0,0,0,0,0,0,0,0,33,0,0,0,0,0,0,6,0,0,0,3,0,0,0,0,0,26,0,0,0,44,0,0,4,0,0,0,18,38,0,0,0,0,16,50,0,0,0,0,0,0,0,0,0,0,0,0,0,0,0,0,0,0,0,0,35,0,0
0,0,0,0,0,0,0,0,0,0,0,0,0,0,0,0,18,0,0,0,0,0,0,0,0,0,0,24,0,1,0,0,0,0,0,0,0,0,0,0,0,0,0,0,42,0,0,0,0,0,0,0,0,0,0,0,0,0,11,0,0,0,20,0,0,0,0,0,0,0,0,0,0,0,0,0,39,0,0,0,0,0,0,0,0,0,0,0,0,0,0,0,0,0,0,0,0,0,0,0,0,0,0,37,0,0,0,0,0,0,1,0,0,0,15,0,0,8,0,0,0,0,0,47,0,0,0,0,0,0,0,0,0,0,0,0,0,0,0,0,0,0,0,45,0,0,10,0,23,0,0,47,0,0,0,0,0,0,29,0,12,0,0,0,0,23,12,0,0,0,0,0,0,0,0,0,0,0,24,0,0,0,0,2,0,0,0,0,29,0,0,0,0,0,0,0,0,0,0,0
0,0,0,0,0,0,0,0,0,0,0,0,0,0,0,0,0,0,0,0,0,0,0,0,3,0,0,0,0,0,0,0,0,0,0,0,0,0,0,0,10,0,0,0,0,0,0,0,0,0,15,0,0,0,0,0,0,0,0,0,0,0,0,0,0,0,0,0,0,0,0,0,0,0,0,0,0,0,0,0,0,0,0,0,0,12,0,0,0,0,0,0,35,0,0,0,0,0,0,0,0,0,0,0,0,0,0,0,0,0,0,0,0,0,0,0,0,17,0,0,0,0,0,0,0,4,0,0,0,6,0,0,0,0,0,0,0,21,0,0,0,0,0,0,0,0,0,0,0,0,0,0,0,0,0,0,0,0,0,0,0,12,0,0,0,0,0,0,40,0,0,0,0,0,0,0,0,0,0,1,35,0,11,20,0,0,0,0,0,0,0,0,0,0,0,0,0,0,26,0
0,0,0,0,0,0,20,0,0,0,0,0,0,0,0,0,0,0,0,0,0,0,0,0,0,46,0,0,0,0,9,0,0,0,0,0,0,0,0,12,0,0,0,0,0,0,0,0,41,41,0,0,0,0,0,0,0,17,0,9,0,0,0,0,48,0,0,0,0,0,0,0,0,0,0,46,0,0,3,0,0,0,0,0,25,0,48,46,0,0,0,42,0,0,0,44,0,0,0,0,38,0,0,0,0,0,0,0,0,31,0,0,0,30,0,0,0,0,0,0,0,40,0,26,0,0,0,0,0,0,46,29,0,0,0,0,39,0,0,0,0,0,0,0,0,0,0,0,0,0,0,0,0,0,0,0,0,0,0,41,0,0,0,4,0,0,0,0,0,0,0,0,0,0,15,0,0,45,0,0,0,0,0,0,0,0,35,4,0,0,0,0,0,17,0,0,0,0,0,0
0,0,0,0,0,0,0,0,0,0,0,0,0,0,0,0,0,31,0,0,0,0,0,0,0,0,0,0,0,0,0,0,0,0,0,0,0,0,0,0,0,0,0,0,0,0,0,0,0,0,0,0,0,0,0,0,0,0,0,0,0,0,0,0,0,0,0,0,0,0,0,0,0,30,0,0,0,0,0,0,0,0,0,0,0,0,0,0,0,0,0,0,0,0,0,0,0,0,0,0,0,0,0,0,0,0,0,0,0,0,0,0,0,0,0,0,0,0,0,0,0,0,0,0,0,0,0,0,0,0,0,0,0,0,0,0,0,0,0,0,0,0,0,0,0,0,0,0,0,0,0,0,0,0,0,0,0,1,0,0,0,0,0,0,0,0,0,0,0,0,0,0,0,0,0,0,0,0,0,0,0,0,0,0,0,0,0,0,0,0,0,0,0,0,0,0,0,0,0,0
0,0,0,0,2,0,0,0,0,0,0,0,0,0,0,0,0,0,0,0,0,0,0,0,0,0,0,0,0,0,0,0,0,0,0,0,0,0,0,0,0,0,0,14,0,0,0,38,0,0,0,0,0,0,0,0,0,0,0,0,0,0,0,0,0,0,0,0,0,0,0,0,0,0,0,0,0,0,0,0,0,0,0,0,0,0,0,0,0,0,0,0,0,0,0,0,0,0,0,0,0,0,0,0,0,0,0,0,0,0,0,0,0,0,0,0,0,0,33,0,0,0,0,0,0,0,1,0,0,0,0,0,21,0,0,0,0,0,0,0,0,0,0,0,0,0,0,0,0,0,0,0,0,0,0,0,0,0,0,0,0,0,0,0,0,0,0,0,0,0,0,0,34,0,6,0,0,0,0,0,0,0,0,0,0,0,0,0,0,0,0,0,0,0,0,0,0,0,0,0
0,0,31,0,0,0,0,0,28,0,0,0,0,0,0,0,26,0,0,0,43,0,0,0,0,0,0,0,2,10,0,0,0,13,0,0,0,0,0,0,0,0,0,0,1,0,0,0,0,0,0,3,0,0,0,0,0,0,45,0,0,0,50,0,0,0,0,36,0,0,0,0,0,0,40,0,0,0,0,0,0,0,0,0,0,21,0,0,0,0,0,0,0,0,0,0,0,0,0,0,0,2,0,0,0,0,0,0,0,0,0,0,0,0,0,0,0,9,0,0,0,0,5,0,0,0,0,0,0,0,0,0,0,0,0,0,49,43,0,0,9,0,0,21,0,0,19,0,0,0,24,0,0,0,0,0,0,0,0,0,0,0,0,0,0,0,2,0,0,0,0,0,0,0,0,0,0,0,0,0,0,0,6,0,0,0,50,0,29,0,0,0,0,0,0,0,0,0,0,0
0,0,0,0,0,0,0,0,0,0,0,0,0,0,0,0,0,37,0,22,0,0,0,0,0,0,0,0,0,0,0,0,0,0,0,0,0,0,0,0,0,0,0,0,0,0,0,0,0,0,0,0,0,0,0,0,0,0,0,0,0,0,0,0,0,0,0,0,0,0,0,0,0,0,0,0,0,0,0,0,0,0,0,0,0,0,0,0,0,0,0,0,0,0,0,0,0,0,0,0,0,0,0,0,0,0,0,0,0,0,0,0,0,0,0,0,0,0,0,0,0,0,0,0,0,0,0,0,0,0,0,0,0,0,0,0,0,0,0,0,0,0,0,0,0,0,0,0,0,0,0,0,0,0,0,0,0,21,0,0,0,0,0,0,0,0,0,0,0,0,0,0,0,0,0,0,0,0,0,0,0,0,0,0,0,0,0,0,0,0,0,0,0,0,0,0,0,0,0,0
0,0,0,0,0,0,0,0,0,0,0,0,0,0,0,0,0,0,0,0,39,0,0,0,0,0,0,0,0,0,0,0,0,0,0,0,0,0,0,0,0,0,0,0,0,0,0,0,0,0,17,0,0,0,0,0,0,0,0,0,0,0,0,0,0,0,0,0,35,0,0,0,0,0,0,0,0,0,0,0,0,0,0,0,0,13,0,0,0,0,0,0,0,0,0,0,0,0,0,0,0,0,0,0,0,0,0,0,0,0,0,0,0,0,0,0,0,0,0,0,0,0,0,0,0,0,0,0,0,0,0,0,0,0,0,0,0,18,0,0,0,0,16,0,0,0,0,0,0,0,0,20,0,0,0,0,0,0,0,0,1,5,0,0,0,0,0,0,0,0,0,0,0,0,0,0,0,0,0,27,0,0,15,3,0,0,0,0,0,0,0,0,0,0,0,0,0,0,22,0
0,0,0,0,0,0,0,0,0,27,0,0,1,0,0,27,0,0,0,0,0,0,0,0,0,0,0,0,0,0,0,0,0,0,0,46,0,0,0,0,0,0,0,0,0,0,29,0,0,30,0,0,0,0,0,0,0,14,0,0,0,37,0,0,0,0,0,0,0,0,0,0,0,0,0,0,0,0,0,0,0,13,0,0,33,0,0,0,0,0,0,26,0,39,34,43,0,0,0,35,40,0,0,0,0,0,0,0,6,0,0,1,26,0,0,0,38,0,0,0,0,0,0,0,0,0,0,0,0,0,0,7,0,0,0,45,0,0,0,0,0,1,0,0,0,0,0,0,0,0,0,0,25,0,0,0,0,0,30,0,0,0,0,0,0,0,0,0,0,0,27,0,0,0,0,26,46,0,50,0,0,18,0,0,0,0,0,0,0,0,0,0,0,0,28,0,0,0,0,0
0,0,19,0,0,0,46,0,19,0,21,0,21,0,0,0,38,0,0,0,43,0,0,0,0,0,0,0,0,0,0,0,0,0,41,0,0,41,4,0,0,0,0,0,8,0,0,0,0,0,0,0,0,0,0,0,0,0,13,0,0,0,0,0,0,0,0,0,0,0,0,0,40,0,0,0,0,0,0,0,0,0,0,0,0,0,0,0,0,0,0,0,0,0,0,0,0,0,22,0,35,0,0,0,0,0,49,0,0,0,17,0,0,0,44,0,0,0,0,0,0,0,49,40,0,0,0,0,0,0,0,0,0,0,0,50,9,0,0,0,0,0,0,0,0,0,0,0,20,0,0,0,0,0,16,0,0,0,0,0,0,0,0,44,0,0,46,0,0,39,0,0,0,0,0,0,0,0,0,0,0,0,0,50,0,0,12,0,0,0,0,0,0,0,0,0,0,0,0,0
0,0,0,0,5,0,0,0,0,0,0,0,0,35,0,43,0,0,0,0,0,0,0,0,0,0,0,0,0,0,0,0,0,0,0,0,0,0,0,0,0,21,0,0,0,25,0,28,0,35,0,0,0,0,0,0,0,0,0,0,0,0,0,9,0,0,0,0,0,34,0,16,0,0,0,0,0,0,0,0,0,0,0,0,0,0,0,0,0,0,0,0,0,0,0,0,0,0,0,0,0,0,16,0,0,0,0,0,0,0,0,0,0,42,0,0,0,0,1,0,0,0,0,0,3,0,0,0,33,0,0,0,0,0,0,0,0,0,0,0,0,0,0,0,0,0,0,0,0,0,0,0,0,0,0,0,0,0,0,2,0,0,0,0,9,0,0,0,0,48,0,0,0,0,0,35,0,16,0,0,0,0,0,0,0,0,0,0,0,0,0,27,0,0,0,0,0,0,0,0
0,23,0,0,0,0,0,0,0,29,50,0,0,25,0,0,0,0,0,0,0,0,0,0,0,0,0,0,0,0,37,0,0,0,0,36,0,0,0,9,0,0,18,0,0,0,0,18,10,0,0,0,0,0,0,0,0,0,0,44,0,0,0,0,0,0,0,0,0,0,0,0,0,0,0,0,0,49,0,0,0,0,0,0,0,0,0,0,18,0,0,27,0,0,0,39,0,0,0,49,0,0,0,0,0,0,0,0,0,0,0,0,47,0,0,0,44,0,27,2,0,17,0,0,0,0,6,0,0,0,0,0,0,0,0,0,0,0,0,0,0,12,0,0,0,0,0,0,0,0,0,0,0,0,0,0,0,0,0,0,0,0,0,39,0,0,0,0,0,26,13,0,43,0,44,0,0,0,0,0,0,7,0,0,0,0,0,0,0,0,0,0,0,0,50,0,0,0,0,0
0,0,0,0,0,0,0,5,0,0,0,0,0,0,0,0,0,0,0,0,0,0,0,0,0,0,0,0,0,0,0,0,0,0,0,0,0,0,0,0,0,0,0,8,0,0,0,0,0,0,0,0,0,0,0,31,0,0,0,0,0,0,0,0,0,0,0,0,0,0,0,0,0,0,0,0,0,0,0,0,0,0,0,0,0,0,0,0,0,0,0,0,0,0,0,0,0,0,0,0,0,0,41,0,0,0,0,0,0,0,0,0,0,0,0,0,0,0,0,0,0,0,0,0,0,0,0,0,0,0,0,0,0,0,0,0,0,0,0,0,0,0,0,0,0,14,0,0,0,19,0,0,0,0,0,11,0,13,0,0,0,0,0,0,0,0,0,0,0,0,0,10,0,0,0,0,0,0,0,0,0,0,0,0,0,0,0,0,0,0,0,0,0,0,0,0,0,0,0,0
0,0,0,0,0,0,0,0,0,0,0,37,0,0,0,0,0,49,0,0,0,0,12,0,0,0,0,0,0,0,0,0,0,0,0,0,0,47,0,0,20,0,0,0,0,0,0,0,0,0,0,0,0,0,0,39,0,0,0,0,0,0,0,0,0,5,0,0,7,0,0,0,0,0,0,0,0,0,0,0,0,0,0,36,0,0,0,0,0,0,0,0,29,0,0,0,40,0,0,0,0,0,0,0,0,0,0,0,0,0,0,0,0,0,0,40,0,48,0,0,0,0,0,0,0,43,0,0,0,0,0,0,0,0,0,0,0,0,34,0,0,0,0,0,0,0,0,0,0,0,0,0,0,0,0,0,0,0,0,0,0,20,0,0,0,0,0,0,0,0,0,0,0,0,0,0,0,0,0,0,0,0,0,35,0,0,0,0,0,0,0,0,0,0,0,0,0,0,0,0
0,0,0,0,0,0,50,0,0,0,0,0,0,0,0,0,0,0,0,0,0,0,0,0,0,0,0,0,0,0,0,0,0,0,0,0,0,0,0,0,0,0,0,0,0,0,0,0,0,0,0,0,0,0,0,0,0,24,0,0,0,25,0,0,0,0,19,0,0,0,0,0,0,0,0,0,0,0,0,0,0,0,0,0,0,0,24,0,0,0,0,0,0,0,31,0,0,0,22,29,0,0,0,0,10,0,0,0,0,13,0,0,0,0,5,0,0,0,0,0,46,28,0,0,0,0,0,38,0,0,0,18,0,0,0,45,0,0,0,0,0,0,0,0,0,0,0,0,13,0,0,0,25,0,0,0,0,0,0,0,0,0,3,0,0,5,47,0,0,0,0,0,0,27,0,0,34,0,0,0,0,0,0,0,0,0,0,0,0,0,0,0,0,0,0,0,0,16,0,0
0,0,0,13,0,0,0,0,0,0,0,0,0,0,0,0,0,0,0,0,0,0,0,0,0,0,0,0,0,0,0,0,0,0,0,0,0,0,0,0,0,0,0,0,0,0,0,0,0,0,0,0,4,0,0,0,0,0,0,0,0,0,0,0,0,0,0,0,30,0,0,0,0,0,46,0,0,0,0,0,0,0,0,0,0,0,0,0,0,0,46,0,14,0,0,0,0,0,0,0,0,0,0,0,0,0,0,0,0,0,0,0,0,0,0,0,0,0,0,0,0,0,0,0,0,0,0,0,0,0,0,0,0,0,37,0,0,0,0,0,0,0,38,0,0,0,0,0,0,0,0,0,0,0,0,0,0,0,0,0,0,0,0,0,0,0,0,0,0,0,0,0,0,0,0,0,0,0,0,0,40,0,0,0,0,0,0,0,0,0,0,0,0,0,0,0,0,0,0,0
3,0,0,0,0,0,0,0,0,0,0,0,0,0,0,0,0,37,0,0,0,0,0,0,0,0,0,0,0,0,0,0,0,0,0,0,0,0,0,0,0,0,0,0,0,0,0,0,0,0,0,0,0,0,0,11,0,0,0,0,0,0,0,0,0,0,0,0,0,0,0,0,0,0,0,0,0,0,0,0,0,0,0,0,0,0,0,0,0,0,0,0,0,0,0,0,24,0,0,0,0,0,0,0,0,0,0,1,0,0,0,0,0,0,0,0,0,0,0,0,0,0,0,0,0,0,0,0,0,0,0,0,0,0,0,0,0,0,21,48,0,0,0,0,0,0,0,0,0,0,0,0,0,0,0,0,0,0,0,0,0,0,0,0,0,0,0,0,0,0,0,0,0,0,0,0,0,0,0,25,0,0,0,0,0,0,0,0,0,0,30,0,0,0,0,0,0,0,0,0
0,0,0,0,0,0,0,0,0,16,23,0,0,0,0,6,0,0,0,0,0,0,0,0,0,0,0,0,0,0,33,0,0,0,0,43,18,0,0,0,0,0,0,0,0,0,0,0,0,38,0,0,0,0,45,0,0,10,0,0,0,40,0,0,0,0,13,0,0,0,0,0,0,0,0,0,0,0,18,0,0,15,0,0,0,0,8,0,0,0,0,0,0,13,0,0,0,0,0,0,0,0,0,0,0,0,0,0,0,0,0,16,7,0,0,0,0,0,0,0,0,38,0,41,0,0,0,0,0,0,16,26,0,0,0,0,0,0,0,0,0,1,0,0,0,0,0,0,0,0,0,0,2,0,0,0,0,0,0,0,0,0,0,0,0,13,0,0,0,0,0,0,0,0,0,0,4,0,42,0,0,20,0,0,0,0,0,0,0,0,0,0,0,0,17,0,0,2,0,0
0,0,49,16,0,0,0,0,0,0,0,0,0,0,0,0,0,0,0,0,0,0,0,0,0,0,0,0,0,0,0,0,0,6,0,0,0,0,0,0,0,0,0,0,0,0,0,0,0,0,3,0,0,9,0,0,0,0,0,0,0,0,0,0,0,0,0,0,0,0,0,0,0,0,0,0,0,0,0,0,0,0,4,0,0,0,0,0,0,0,13,0,27,0,0,0,0,0,0,0,0,0,0,0,0,0,0,0,0,0,0,0,0,0,0,0,0,28,0,0,0,0,0,0,0,0,0,0,0,0,0,0,0,0,40,0,0,40,0,0,0,0,0,0,0,0,0,0,0,0,0,42,0,0,0,0,0,0,0,0,8,25,0,0,0,0,0,0,0,0,0,0,0,0,0,0,0,0,0,0,0,0,27,0,0,0,0,0,0,0,0,0,0,0,0,0,0,0,0,0
0,0,0,0,0,36,0,0,0,0,50,0,0,0,0,0,0,0,0,0,0,0,0,23,0,0,28,0,0,0,0,0,0,0,0,34,32,0,0,0,0,0,0,0,1,0,0,0,0,43,0,0,0,0,0,0,0,20,0,0,0,0,0,0,23,0,41,0,0,0,0,0,0,0,0,44,0,0,1,0,0,0,0,0,0,0,0,14,0,0,0,41,0,20,0,45,0,0,0,20,0,0,0,0,40,0,0,0,0,2,0,0,0,0,0,0,0,0,0,17,47,0,0,34,0,0,0,0,0,0,0,46,0,0,0,0,0,0,0,0,0,48,0,0,16,0,0,0,0,0,0,0,29,0,0,0,23,0,9,0,0,0,23,2,30,22,0,0,0,0,0,0,0,0,0,21,0,0,0,0,0,0,0,0,0,0,47,0,0,0,0,0,0,8,38,47,0,28,0,0
0,42,0,0,20,0,0,0,0,0,0,0,0,0,0,13,0,0,0,0,0,0,0,0,0,0,0,0,0,0,0,0,0,0,0,28,0,0,0,0,0,0,0,0,0,0,0,0,0,33,0,0,0,0,0,0,0,0,0,0,0,0,0,0,0,0,0,0,0,0,0,0,0,0,0,0,0,38,9,0,0,0,0,0,39,0,0,0,0,0,0,10,0,0,0,33,0,0,0,0,0,0,0,0,0,0,0,0,0,0,0,0,0,0,0,0,0,0,0,2,0,0,0,0,0,0,35,0,21,0,0,0,0,0,0,0,0,0,0,0,0,0,0,0,0,0,0,25,0,0,0,0,0,0,0,0,0,0,0,0,0,0,0,0,31,0,0,0,0,0,0,0,16,0,13,0,0,11,0,0,0,0,0,0,0,0,0,0,0,0,0,0,0,43,0,0,0,0,0,0
0,0,0,0,0,0,0,0,0,0,0,0,0,0,0,0,0,0,0,0,0,0,0,0,0,0,0,0,0,0,0,0,0,0,0,0,0,0,0,0,0,0,0,3,0,0,0,0,0,45,0,0,0,0,0,0,0,0,0,0,0,0,0,0,0,0,0,0,0,0,0,21,0,0,0,0,0,13,0,0,0,0,0,0,0,0,0,20,0,0,0,0,0,0,0,0,0,0,0,0,0,0,0,0,0,0,0,0,0,0,0,0,0,0,0,0,0,0,4,0,0,0,0,0,0,0,0,0,0,0,0,0,3,0,0,0,0,0,0,0,0,0,0,0,0,0,0,0,0,0,0,0,0,0,0,0,0,0,0,0,0,0,0,0,0,0,0,0,0,0,0,0,20,0,41,0,0,0,0,0,0,0,0,0,0,0,0,0,0,0,0,0,0,0,0,0,0,0,0,0
0,0,26,0,0,0,39,0,0,0,0,0,0,0,0,0,0,0,0,0,50,0,0,0,0,0,0,0,0,44,0,0,0,0,22,0,0,21,6,0,0,0,0,0,5,0,13,0,0,0,0,32,0,0,0,0,0,0,0,0,0,0,0,0,0,0,0,24,0,0,0,0,30,0,0,0,19,0,0,0,0,0,0,0,0,0,0,0,0,0,0,0,0,42,0,0,0,0,0,0,43,26,0,0,0,0,28,0,0,0,41,0,0,0,0,0,0,40,0,0,0,0,0,0,0,0,0,0,0,0,0,0,0,0,0,0,26,39,0,0,0,0,0,0,0,0,26,0,0,0,0,10,0,0,27,0,0,0,0,0,0,0,0,0,0,0,15,0,0,35,0,0,0,0,0,0,0,0,15,0,0,0,0,0,5,0,1,0,20,0,0,0,0,0,0,0,0,0,0,0
0,0,0,37,0,0,0,0,0,0,0,0,0,0,0,0,4,0,0,0,0,0,0,0,0,0,0,0,0,0,0,0,0,0,0,0,0,0,0,0,0,0,0,0,0,0,0,0,0,0,9,0,19,0,0,0,0,0,0,0,0,0,0,0,0,0,0,0,25,0,0,0,11,0,42,0,0,0,0,0,0,0,0,0,0,0,0,0,0,0,0,0,0,0,0,0,0,0,0,0,0,0,0,0,0,0,0,0,0,0,0,0,0,0,0,0,0,0,0,0,0,0,35,0,0,0,0,0,0,24,0,0,0,0,34,0,0,0,0,0,0,0,0,0,0,0,0,0,0,0,0,2,0,0,0,0,0,0,0,0,50,28,0,0,0,0,0,0,0,0,0,0,0,0,0,0,0,0,0,40,0,0,19,0,0,0,0,0,0,0,0,0,0,0,0,0,0,0,37,0
0,0,0,0,0,0,46,0,0,0,43,0,3,25,0,0,0,0,0,0,0,0,0,0,0,0,0,0,0,0,39,0,0,0,0,0,40,0,0,0,0,0,0,0,42,0,0,0,0,34,0,0,0,0,0,0,0,7,0,0,0,33,0,0,17,0,0,0,0,0,0,0,0,0,0,0,0,4,0,0,0,24,0,0,24,0,0,0,0,0,0,0,0,15,0,0,0,0,0,0,0,0,0,0,0,0,0,0,0,37,0,15,0,0,0,0,37,0,0,0,0,0,0,0,0,0,0,0,0,0,46,1,0,0,0,0,0,0,0,0,0,0,0,0,0,0,0,0,16,0,0,0,0,0,0,0,0,0,0,0,0,0,0,17,24,27,0,0,0,33,41,0,0,0,0,0,0,0,0,0,0,10,0,0,0,0,34,0,0,0,0,0,0,5,0,0,0,0,0,46
0,0,0,30,0,0,0,0,0,0,0,0,0,0,0,0,0,0,0,0,0,0,0,0,44,0,0,0,0,0,0,0,0,9,0,0,0,0,0,0,0,0,0,0,0,0,0,0,0,0,0,0,0,0,0,0,0,0,0,0,0,0,0,0,0,0,0,0,0,0,0,0,0,0,49,0,0,0,0,0,0,0,0,0,0,0,0,0,0,0,40,0,0,0,0,0,0,0,0,0,0,0,0,0,0,0,0,0,0,0,0,0,0,0,0,0,0,0,0,0,0,0,0,0,0,16,0,0,0,24,0,0,0,0,34,0,0,0,0,28,48,0,0,0,0,0,0,0,0,0,0,0,0,0,0,0,0,0,0,0,0,5,0,0,0,0,0,0,31,0,0,0,0,0,0,0,0,0,0,0,0,0,4,0,0,0,0,0,0,0,0,0,0,0,0,0,0,0,0,0
0,0,0,0,0,0,0,0,0,17,0,0,0,0,0,0,0,0,0,0,0,11,0,5,0,13,35,0,0,0,5,0,0,0,0,17,20,0,0,0,0,0,0,0,0,0,0,0,0,0,0,0,0,0,36,0,0,0,14,0,0,0,0,0,0,0,0,47,0,2,0,0,0,0,0,0,15,0,0,0,0,27,0,0,0,0,0,0,0,0,0,0,0,0,9,0,0,0,0,0,33,0,0,0,21,0,0,0,0,0,0,45,0,0,20,0,0,0,0,0,45,0,0,0,0,0,0,15,0,0,0,37,0,0,0,0,0,0,0,0,0,0,0,0,32,0,39,0,24,0,0,0,0,0,0,0,0,0,27,0,0,0,30,0,0,28,13,0,0,0,0,0,0,47,0,10,41,0,0,0,0,21,0,0,0,0,0,0,47,0,0,0,0,23,0,9,0,10,0,0
0,0,0,0,0,0,0,0,0,0,0,0,45,0,0,0,0,0,0,0,0,9,0,32,0,0,34,0,0,0,0,0,0,0,0,0,0,0,0,0,0,0,0,0,41,0,0,0,0,0,0,0,0,0,31,0,0,0,0,0,3,0,0,0,0,0,0,0,0,0,0,0,0,0,0,0,0,0,0,0,0,0,0,0,32,0,35,0,0,0,0,0,0,0,0,0,0,0,22,0,0,0,0,0,0,0,0,0,49,0,0,4,0,0,37,0,0,0,0,0,30,0,0,46,0,0,0,0,0,0,0,0,0,0,0,0,0,0,0,0,0,0,0,0,0,0,0,0,7,0,0,0,0,0,0,0,0,0,0,0,0,0,7,0,0,27,0,3,0,0,0,0,0,0,0,0,24,0,0,0,0,0,0,0,0,0,0,0,0,0,0,0,0,0,7,0,0,43,0,0
0,0,0,0,0,0,0,0,0,4,0,0,0,0,0,45,0,0,0,0,0,0,0,41,0,0,0,0,0,0,0,0,0,0,0,50,3,0,0,0,0,0,0,0,0,0,13,0,0,8,0,0,0,0,43,0,0,39,0,0,0,0,35,0,0,0,19,0,0,0,0,0,0,0,0,0,0,0,0,0,0,40,0,0,19,0,0,0,0,0,0,38,0,42,0,0,0,0,0,36,0,0,0,0,0,0,0,0,0,35,0,7,0,0,0,0,0,0,0,18,0,0,0,0,0,0,0,16,0,0,45,0,0,0,0,0,22,0,0,0,0,11,0,0,40,0,0,0,0,0,0,0,23,45,0,0,28,0,15,0,0,0,0,17,0,5,0,0,0,0,11,0,0,5,0,0,0,0,42,0,0,43,0,0,0,0,0,0,0,0,0,0,0,5,2,0,0,0,0,0
33,0,0,0,0,0,0,0,0,0,0,0,0,0,0,0,0,0,0,0,0,0,6,0,0,0,0,0,0,0,0,0,0,0,0,0,0,0,0,0,0,0,0,0,0,0,0,0,0,0,0,0,0,0,0,0,0,0,0,0,0,0,0,0,0,0,0,0,0,0,0,0,0,0,0,0,0,0,0,0,0,0,0,0,0,0,0,0,0,0,0,0,0,0,0,0,0,0,0,0,0,0,0,0,0,0,0,0,0,0,0,0,0,0,0,0,0,0,0,0,0,0,0,0,0,0,0,0,0,46,0,0,0,0,0,0,0,0,25,11,0,0,0,0,0,0,0,0,0,0,0,0,0,0,0,0,0,0,0,0,0,0,0,0,0,0,0,0,0,0,0,0,0,0,0,0,0,0,0,6,0,0,0,0,0,0,0,0,0,0,24,0,0,0,0,0,0,0,0,0
0,0,0,0,0,0,0,0,0,0,0,0,0,7,0,0,0,0,0,0,0,0,0,0,0,28,0,0,0,0,17,34,0,0,0,0,0,27,0,26,0,0,0,0,0,0,0,0,0,0,0,0,0,0,0,46,0,0,0,40,0,0,0,0,0,2,0,0,0,41,0,0,0,0,0,0,0,25,41,0,0,0,0,0,0,0,0,0,0,0,0,48,0,0,0,5,0,0,0,0,0,0,0,0,0,0,0,0,0,0,0,0,0,0,0,32,0,0,0,0,0,0,0,0,29,0,0,0,0,0,0,0,0,4,0,0,0,0,0,0,0,0,0,0,0,0,10,0,0,0,0,0,0,0,0,0,0,0,0,0,0,0,0,0,21,0,0,0,0,0,0,0,0,0,0,24,0,30,0,0,0,38,0,0,0,0,0,31,0,0,32,0,0,0,0,0,0,0,0,8
0,0,0,0,0,0,0,0,0,0,0,0,0,0,0,0,0,0,0,0,0,0,0,17,0,0,18,0,0,0,0,0,0,0,34,0,0,0,0,0,0,0,0,0,0,0,0,0,0,0,0,40,0,0,44,0,0,0,0,0,50,0,0,0,0,0,0,13,0,0,0,0,0,0,0,0,0,0,0,0,0,0,0,0,0,0,0,0,0,0,0,0,0,19,0,0,0,0,0,0,0,0,0,5,0,0,0,0,30,0,0,0,0,0,8,0,0,0,0,0,0,0,0,19,0,0,0,0,0,0,0,0,0,0,0,0,0,0,0,0,0,0,0,0,0,0,0,0,16,0,0,0,0,0,0,0,0,0,0,0,0,0,0,0,0,0,19,50,0,0,0,0,0,0,0,0,48,0,18,0,0,0,0,0,26,0,0,0,0,0,0,0,0,0,0,0,0,0,0,0
0,0,0,0,0,39,15,0,0,0,23,0,21,0,0,0,0,0,0,0,0,0,0,0,0,3,0,0,0,0,6,0,0,0,0,40,0,0,0,0,0,0,0,0,38,0,38,0,0,40,0,0,0,0,50,0,0,0,0,4,0,20,0,0,0,0,0,0,0,33,0,0,0,0,0,0,1,0,0,0,0,0,0,0,12,0,0,0,0,0,0,32,0,34,35,0,0,40,0,0,0,0,0,0,30,0,0,0,0,30,0,20,0,0,0,0,38,0,0,0,15,5,0,0,0,0,0,33,0,0,37,8,0,0,0,0,25,0,0,0,0,0,0,0,0,0,32,0,4,0,0,0,46,7,0,0,0,0,0,0,0,0,42,0,0,19,42,0,0,17,0,0,0,4,0,0,0,0,0,0,0,41,0,0,0,0,0,0,0,0,0,0,0,0,0,8,0,0,0,0
0,4,33,0,0,0,0,0,44,18,4,0,0,30,0,39,0,0,0,0,0,4,0,0,0,13,0,0,0,0,0,0,0,0,12,0,7,0,0,14,0,0,9,0,6,0,0,0,0,0,0,0,0,0,5,0,0,12,0,1,0,0,0,0,0,0,11,1,0,0,0,0,0,0,0,0,0,0,0,0,0,34,0,0,0,0,25,0,0,0,0,34,0,0,0,35,0,12,2,12,0,22,0,0,0,0,0,0,0,0,25,0,0,0,0,0,0,0,0,0,50,9,0,0,0,0,0,0,0,0,0,0,0,0,0,18,34,0,0,0,0,0,0,0,0,0,23,0,46,0,23,0,17,32,0,0,0,0,49,0,0,0,3,0,0,0,0,0,0,0,8,0,0,0,0,41,0,0,0,0,0,0,0,0,0,0,44,0,14,0,0,0,0,42,29,0,0,0,0,0
0,0,50,0,0,0,0,0,0,0,0,0,0,0,0,0,2,0,0,0,0,0,0,0,0,24,0,39,3,0,0,0,0,0,43,0,0,12,0,0,0,0,30,0,0,0,6,0,0,0,0,0,0,0,0,0,0,0,0,0,0,0,22,0,0,0,0,11,0,0,0,0,0,0,0,0,36,0,0,0,0,0,0,0,0,0,0,0,0,0,0,0,0,0,0,0,0,0,0,0,0,0,0,49,0,0,0,0,0,0,0,0,0,0,0,0,0,38,0,0,0,0,15,0,0,0,0,0,0,0,0,0,0,0,0,0,33,46,25,0,0,0,0,10,0,0,0,0,0,0,0,0,0,29,0,0,0,0,31,0,0,0,0,0,0,0,0,0,0,16,0,0,0,0,0,0,0,0,42,0,0,0,0,41,2,0,0,0,50,0,0,0,0,0,0,0,0,0,0,0
23,0,0,0,0,0,0,47,0,0,0,0,0,1,0,0,0,24,0,0,0,0,0,0,0,0,0,0,0,0,0,49,12,0,0,0,0,0,0,0,0,0,0,0,0,0,0,41,0,0,0,0,0,0,0,45,6,0,0,0,0,0,0,0,0,13,0,0,0,0,0,0,0,0,0,0,0,0,0,0,0,0,0,0,0,0,0,0,0,0,0,0,0,0,0,0,0,0,0,0,0,0,0,0,0,16,0,0,0,0,0,0,0,0,0,0,0,0,0,0,0,0,0,0,6,0,0,0,0,0,0,0,0,0,0,0,0,0,0,0,0,0,0,0,0,0,0,0,0,36,0,0,0,0,0,31,0,0,0,14,0,0,0,0,0,0,0,0,0,0,0,0,0,0,0,0,0,0,0,0,0,0,0,0,0,39,0,40,0,0,50,0,0,0,0,0,0,0,0,0
0,0,0,0,0,0,17,0,44,0,9,0,0,0,0,0,0,0,0,0,24,0,0,0,0,0,0,9,18,5,0,0,0,0,46,0,0,0,0,0,0,0,12,0,0,0,0,0,0,0,0,36,0,0,0,0,0,0,0,0,0,17,17,0,0,0,0,0,0,0,0,0,24,0,0,0,48,0,0,0,0,0,0,0,0,0,0,0,0,12,0,0,0,42,0,0,0,0,0,47,39,0,0,0,0,0,49,0,0,0,44,0,0,0,0,0,0,20,0,0,0,35,33,0,0,0,0,0,0,0,0,0,0,0,0,0,0,0,0,0,0,0,0,0,37,0,0,0,42,0,0,42,0,0,4,0,0,0,0,0,18,0,0,0,0,0,49,0,0,0,0,0,0,0,0,0,0,0,5,0,0,0,0,0,0,0,0,0,0,0,0,0,0,0,0,0,0,0,0,0
0,0,0,0,0,0,29,0,0,0,0,0,47,0,0,0,0,0,0,0,0,12,0,30,0,0,2,0,0,0,0,0,0,0,0,0,8,0,0,0,0,0,0,0,2,0,0,0,0,0,0,0,0,0,8,0,0,0,0,0,36,32,28,0,0,0,0,0,0,27,0,0,0,0,0,13,0,0,0,0,0,0,0,0,26,0,0,0,0,0,0,20,0,0,10,23,0,0,26,0,32,0,0,0,0,0,0,0,33,0,0,0,42,0,0,0,46,0,0,0,11,0,0,0,0,0,0,46,0,0,0,0,0,0,0,0,0,0,0,0,0,14,0,0,0,0,0,0,7,0,0,0,0,0,0,0,45,0,17,0,0,0,0,0,0,15,0,0,0,46,0,0,0,0,0,0,6,0,0,0,0,32,0,0,0,0,0,0,0,0,0,0,0,0,9,34,0,0,0,0
23,0,0,0,0,0,0,0,0,0,0,0,0,43,0,0,0,29,0,0,0,0,0,0,0,0,0,0,0,0,0,50,0,0,0,0,0,0,0,0,0,41,0,0,0,48,0,0,24,0,0,0,0,0,0,0,6,0,0,14,0,0,0,26,0,0,0,0,0,0,0,0,0,0,0,0,0,0,0,14,0,0,0,0,0,0,0,0,0,0,0,0,0,0,0,0,0,0,0,0,0,0,0,0,0,0,0,0,0,0,0,0,0,0,0,32,0,0,0,0,0,0,0,0,32,0,0,0,0,0,0,0,0,0,0,0,0,0,0,0,0,0,0,0,0,34,0,0,0,0,0,0,0,0,0,7,0,50,0,30,0,0,0,0,0,0,0,0,0,0,0,0,0,0,0,0,0,0,0,0,0,0,0,0,0,0,0,0,0,0,0,0,0,0,0,0,17,0,0,0
0,0,0,0,0,0,0,0,48,0,0,0,0,0,0,0,7,0,0,0,6,0,0,0,0,0,0,0,0,0,0,0,0,0,0,0,0,0,0,0,0,0,0,0,34,0,0,0,0,0,0,0,0,0,0,0,0,0,7,0,42,0,8,0,0,0,0,45,0,0,0,0,37,0,0,0,0,0,0,0,0,0,0,0,0,0,0,0,0,0,0,0,0,0,0,0,0,0,9,0,0,8,0,0,0,0,0,0,4,0,0,0,0,0,0,0,0,0,0,0,0,0,0,0,0,0,0,0,0,0,0,0,0,0,0,0,0,0,0,0,0,0,0,37,0,0,0,0,0,0,0,0,0,7,0,0,0,0,26,0,0,0,0,0,0,15,0,0,0,0,0,0,0,0,0,0,0,0,43,0,0,0,0,0,18,0,0,0,0,0,0,0,0,0,0,0,0,0,0,0
4,0,0,0,0,0,0,0,0,0,0,0,0,0,25,0,0,3,0,0,0,0,0,0,0,0,0,0,0,0,0,0,46,0,0,0,0,0,0,0,0,0,0,0,0,0,0,0,0,0,0,0,0,0,0,48,34,0,0,0,0,0,0,0,0,0,0,0,0,0,0,0,0,46,0,0,0,0,0,0,15,0,0,0,0,0,0,0,0,0,0,0,0,0,0,0,45,0,0,0,0,0,0,0,0,27,0,0,0,0,0,0,0,0,0,18,0,0,0,0,0,0,0,0,0,0,0,0,0,0,0,0,0,0,0,0,0,0,0,0,0,0,0,0,0,0,0,0,0,0,0,0,0,0,0,0,0,0,0,0,0,41,0,0,0,0,0,0,0,0,0,20,0,0,0,0,0,0,0,0,0,0,0,0,0,0,0,0,0,0,0,0,0,0,0,0,0,0,0,0
0,0,0,0,0,8,0,0,0,0,0,0,0,0,0,0,0,0,0,0,0,0,0,0,0,0,42,0,0,0,0,0,0,0,0,0,0,0,0,0,0,0,0,0,0,0,0,0,0,0,0,0,0,0,46,0,0,0,0,0,0,0,0,0,0,0,0,0,0,0,0,0,0,0,0,0,0,0,0,0,0,24,0,0,0,0,0,0,0,0,0,0,0,35,0,0,0,0,0,0,0,0,0,0,0,0,0,0,0,22,0,35,0,0,0,0,0,0,0,0,0,0,0,0,0,0,0,0,0,0,0,0,0,0,0,8,0,0,0,0,0,0,0,0,0,0,0,0,35,0,0,0,0,0,0,0,0,0,50,0,0,0,0,0,0,0,0,26,0,0,0,0,0,28,0,0,29,0,0,0,0,0,0,0,0,0,0,0,0,0,0,0,0,0,0,39,0,14,0,0
0,0,0,0,0,0,47,0,0,0,0,0,0,0,0,38,0,0,0,0,0,0,0,10,0,23,7,0,0,0,0,0,0,0,0,0,0,0,0,0,0,0,0,0,0,0,43,0,0,0,0,0,0,0,0,0,0,6,36,0,0,31,0,0,0,0,22,0,0,0,0,0,0,0,0,34,44,0,0,0,0,0,0,0,49,0,0,0,0,0,0,0,0,15,33,0,0,0,2,0,14,0,0,17,6,0,0,0,0,0,11,0,0,0,0,0,0,0,0,0,0,46,0,18,0,0,0,0,0,0,0,20,0,0,0,0,0,0,0,0,0,0,0,0,0,0,0,0,0,0,0,0,34,31,0,0,0,0,24,0,0,0,0,0,0,0,46,0,0,0,0,0,0,32,0,1,43,0,36,0,0,18,0,0,0,0,0,0,39,0,0,0,0,16,48,8,0,22,0,0
0,0,15,0,0,0,29,0,0,0,0,0,0,0,0,0,37,0,0,0,0,0,0,0,0,48,0,0,0,38,0,0,0,0,0,0,0,30,1,0,0,0,0,0,0,0,0,0,0,0,0,0,0,0,0,0,0,0,0,0,0,0,15,0,0,0,0,0,0,0,0,0,41,0,0,0,0,0,0,0,0,0,0,0,0,0,0,0,0,0,0,0,0,40,0,0,0,0,16,3,0,50,0,0,0,0,8,0,0,0,0,0,0,0,0,0,0,0,0,0,0,0,42,0,0,0,0,0,0,0,0,0,0,0,0,0,23,0,0,0,0,0,0,0,0,0,0,0,0,0,42,0,0,0,0,0,0,0,28,0,0,0,0,0,0,0,34,0,0,0,0,0,0,0,0,0,0,0,42,0,0,0,0,37,8,0,3,0,47,0,0,0,25,0,0,0,0,0,0,0
0,0,0,0,0,0,27,0,0,42,0,0,31,0,0,3,0,0,0,0,0,0,0,25,0,0,0,0,0,0,0,0,0,0,0,13,25,0,0,0,0,0,0,0,0,0,0,0,0,31,0,0,0,0,0,0,0,28,0,0,12,0,0,0,25,0,0,0,0,13,0,0,0,0,0,0,0,0,13,0,0,48,0,0,0,0,12,0,0,0,0,0,0,0,0,0,0,0,0,0,31,0,0,0,46,0,0,0,0,13,0,0,45,0,0,0,23,0,0,0,0,35,0,5,0,0,0,0,0,0,0,0,0,0,0,29,0,0,0,0,0,16,0,0,0,0,0,0,0,0,0,0,20,0,0,0,33,0,0,0,0,0,0,0,0,42,0,0,0,0,30,0,0,0,0,0,6,0,36,0,0,50,0,0,0,0,0,0,0,0,0,0,0,27,34,0,0,21,0,0
0,0,0,0,15,0,0,0,0,50,7,0,0,0,0,32,0,0,0,0,0,0,0,0,0,0,0,0,0,0,0,0,0,0,0,30,0,0,0,0,0,0,0,0,0,0,0,0,0,30,0,0,0,0,0,0,0,26,0,0,0,0,0,0,9,0,0,0,0,19,0,0,0,0,0,0,0,22,0,0,0,0,0,0,0,0,23,49,0,0,0,37,0,5,0,32,0,0,0,14,0,0,0,0,0,0,0,0,0,0,0,0,0,0,0,0,43,0,0,47,0,28,0,0,0,0,0,10,0,0,42,17,0,0,0,0,0,0,0,0,0,0,0,0,11,0,0,0,0,0,0,0,0,0,0,0,4,0,0,0,0,0,0,18,27,0,0,0,0,25,45,0,40,0,13,0,0,43,0,0,0,0,0,0,0,0,0,0,0,0,0,0,0,0,0,0,0,10,0,0
0,38,0,0,0,0,0,17,0,0,0,0,0,0,0,0,0,0,48,0,0,0,0,0,0,0,0,0,0,0,0,0,37,0,0,0,0,32,0,49,0,0,0,0,0,0,0,0,0,0,0,0,0,23,0,29,50,0,0,0,0,0,0,39,0,0,0,0,0,0,0,0,0,0,0,0,0,0,0,34,0,0,0,0,0,0,0,0,0,0,0,0,0,0,0,0,0,40,0,0,0,0,29,0,0,38,0,0,0,0,0,0,0,0,0,30,0,0,0,4,0,0,0,0,0,0,0,0,0,0,0,0,0,31,0,0,0,0,50,0,0,0,0,0,0,0,0,0,0,11,0,0,0,0,0,0,0,0,0,30,0,0,0,47,0,0,0,0,0,4,0,24,0,0,0,0,0,0,0,0,0,0,0,0,0,43,0,4,0,37,0,0,0,0,0,0,0,0,0,0
0,0,0,0,0,0,37,0,0,0,0,0,39,0,0,0,0,0,0,0,0,0,0,41,0,0,25,0,0,0,0,0,0,0,0,0,33,0,0,0,0,0,0,0,0,0,0,0,0,0,0,39,0,0,48,0,0,0,21,0,6,0,3,0,0,0,9,0,0,0,0,0,0,0,0,0,0,0,0,0,0,0,0,0,0,0,0,0,0,0,0,0,0,0,0,0,0,0,0,0,20,0,0,6,27,0,37,0,32,43,0,0,0,0,0,0,0,0,0,0,8,7,0,0,0,0,0,0,0,0,0,0,0,0,0,0,0,0,0,0,0,0,0,0,0,0,0,0,0,0,0,0,0,0,0,0,0,0,0,0,0,0,1,0,0,8,0,49,0,0,0,0,0,0,0,0,45,0,22,0,0,0,0,0,25,0,0,0,0,0,0,0,0,0,0,0,0,45,0,0
22,0,2,0,0,0,0,0,0,0,0,36,0,0,0,0,0,0,43,0,0,0,29,0,0,0,0,0,0,0,0,0,48,0,0,0,0,42,0,0,28,0,0,0,0,0,0,0,0,0,0,0,0,0,0,0,36,0,0,0,0,0,0,11,0,0,0,0,0,0,0,0,0,0,0,0,0,0,0,0,0,0,0,33,0,0,0,0,0,0,0,0,0,0,0,0,48,0,0,0,0,0,0,0,0,0,0,0,0,0,0,0,0,0,0,0,0,0,0,0,0,0,0,0,37,0,0,0,0,16,0,0,0,6,0,0,33,0,23,0,0,0,0,0,0,0,0,0,0,0,0,0,0,0,0,0,0,0,0,0,0,0,0,0,0,0,0,0,0,0,0,13,0,0,0,0,0,0,0,35,0,0,0,0,0,2,0,0,0,38,47,0,0,0,0,0,0,0,0,46
0,0,0,0,0,26,0,0,0,0,12,0,0,0,0,0,0,0,0,0,0,0,0,0,0,0,0,0,0,0,0,0,0,0,0,0,36,0,0,0,0,0,0,0,0,0,0,0,0,0,0,0,0,0,0,0,0,0,0,0,0,0,0,0,0,0,50,0,0,0,0,0,0,0,0,0,0,0,0,0,0,38,0,0,27,0,10,39,0,0,0,0,0,21,0,33,0,0,0,0,0,0,0,0,0,0,0,0,0,6,0,0,0,0,0,0,0,0,0,0,0,45,0,0,0,0,0,11,0,0,19,0,0,0,0,0,0,0,0,0,0,6,0,0,33,0,0,0,0,0,0,0,24,0,0,0,47,0,0,0,0,0,0,0,0,0,0,0,0,0,0,0,0,0,0,32,0,0,0,0,0,0,0,0,0,0,0,0,0,0,0,0,0,28,0,2,0,0,0,0
0,0,0,0,0,0,0,0,0,0,0,0,0,0,0,0,0,0,21,0,50,0,0,0,0,0,0,0,0,9,0,0,0,0,0,0,0,0,13,0,23,0,47,0,0,0,0,0,0,0,0,0,0,0,0,0,0,0,0,0,0,0,44,0,0,6,0,0,0,0,0,0,0,0,24,0,4,0,0,0,0,0,0,0,0,0,0,0,0,0,17,0,16,0,0,0,0,0,0,0,0,0,0,0,0,0,0,0,0,0,24,0,0,0,0,28,0,0,0,0,0,0,0,0,0,10,0,0,0,13,0,0,0,0,0,0,26,42,0,0,0,0,0,0,0,0,0,0,0,0,36,49,0,0,0,0,0,0,0,0,4,0,0,0,0,0,47,0,4,0,0,0,0,0,0,0,0,0,0,0,0,0,15,0,0,0,0,0,0,0,0,0,0,0,0,0,0,0,0,0
0,0,0,0,0,0,0,0,0,0,0,0,0,0,0,0,0,0,0,0,0,0,0,0,0,0,0,0,0,0,0,0,0,0,0,0,0,0,0,0,0,0,0,0,0,0,0,46,0,0,0,0,0,0,0,0,0,0,0,0,0,0,0,0,0,0,0,0,0,0,0,0,0,0,0,0,0,0,0,0,0,0,0,0,0,0,0,2,0,0,0,0,0,0,0,0,0,0,0,0,0,0,0,0,0,0,0,0,0,0,0,0,0,0,0,0,0,0,0,0,0,0,0,0,0,0,28,0,15,0,18,0,0,0,0,0,0,0,0,0,0,0,0,0,0,0,0,22,0,0,0,0,0,0,0,0,0,0,0,0,0,0,0,0,0,0,0,0,0,0,0,0,12,0,0,0,0,0,0,0,0,0,0,0,0,0,0,0,0,0,0,0,0,0,0,0,0,0,0,0
0,11,0,0,0,0,45,0,0,0,0,0,16,0,0,42,0,0,0,0,0,0,0,0,0,0,0,0,0,0,36,0,0,0,0,0,44,0,0,0,0,0,4,0,0,0,0,50,0,0,0,0,0,0,0,0,0,0,0,50,0,0,0,0,0,0,0,0,0,40,0,0,0,0,0,0,0,13,0,0,0,0,0,0,0,0,0,0,0,0,0,14,0,33,0,0,0,14,0,43,20,0,0,0,0,0,0,0,0,0,0,0,0,0,0,0,0,0,0,0,0,0,0,0,0,0,0,0,0,0,0,0,0,0,0,0,42,0,0,0,0,0,0,0,0,0,0,0,0,0,0,0,10,0,0,0,0,0,0,0,0,0,0,0,0,0,0,0,0,0,0,0,0,0,0,44,0,0,0,0,0,0,0,0,0,0,0,0,0,34,0,0,0,0,47,0,0,0,0,0
0,0,0,0,0,36,46,0,0,0,21,0,18,0,0,0,0,0,0,0,0,16,0,0,0,0,0,0,0,0,0,0,0,0,0,0,0,0,0,0,0,0,0,0,0,0,28,0,0,0,0,0,0,0,44,0,0,1,0,0,0,0,0,0,45,0,0,0,0,2,0,0,0,0,0,3,0,0,0,0,0,0,0,0,13,0,0,0,0,0,0,44,0,0,0,50,0,0,0,0,0,0,0,0,0,0,0,0,16,6,0,38,12,0,0,0,9,0,0,0,0,0,0,0,0,0,0,25,0,0,0,0,0,0,0,50,0,0,0,0,0,0,0,0,0,0,0,0,0,0,0,0,39,0,0,0,0,0,10,0,0,0,43,0,0,0,0,0,0,5,0,0,0,0,0,0,0,0,28,0,0,0,0,0,0,0,0,0,0,0,0,0,0,0,17,10,0,38,0,0
0,0,0,0,0,13,21,0,0,47,0,0,0,0,0,0,0,0,0,0,0,13,0,0,0,49,0,0,0,0,0,0,0,0,0,4,32,0,0,0,0,0,0,0,29,0,0,0,0,0,0,0,0,0,0,0,0,35,0,0,35,47,2,0,0,0,0,0,0,0,0,0,0,0,0,48,35,0,0,0,0,0,0,0,0,0,19,0,0,0,0,6,0,12,34,18,0,0,0,0,0,0,0,0,40,0,0,0,0,0,0,0,0,0,0,0,0,0,0,37,30,0,0,22,0,0,0,9,0,0,12,0,0,0,0,3,17,0,0,0,0,35,0,0,22,0,0,0,0,0,0,0,0,26,0,0,0,0,0,0,0,0,0,0,11,34,0,0,0,15,28,0,0,12,0,1,14,0,0,0,0,24,0,0,0,0,0,0,0,0,0,0,0,21,45,0,0,0,0,0
0,0,14,0,0,0,44,0,0,0,0,0,0,0,0,0,0,0,0,0,31,0,0,0,0,0,0,30,21,24,0,0,0,0,39,0,0,0,17,0,0,0,0,0,0,0,0,0,0,0,33,0,0,0,0,0,0,0,0,0,0,0,9,0,0,0,0,7,0,0,0,0,0,0,0,0,0,0,0,0,0,0,0,0,0,0,0,0,0,30,0,0,0,0,0,0,0,0,0,0,35,0,0,0,0,0,10,0,0,0,0,0,0,0,0,0,0,32,0,0,0,0,0,0,0,0,0,0,0,0,0,0,0,0,30,0,0,26,0,0,0,0,0,0,0,0,47,0,0,0,0,25,0,9,25,0,0,0,0,0,0,0,0,0,0,0,0,0,0,0,0,0,0,0,0,0,0,0,50,0,0,0,0,0,5,0,9,0,0,0,0,0,41,0,0,0,0,0,0,0
0,0,0,0,0,11,0,0,8,43,19,0,38,0,0,0,0,0,0,0,0,23,0,6,0,0,0,0,0,0,0,0,0,0,21,0,12,0,0,0,0,0,0,0,41,0,21,0,0,0,0,0,0,0,15,0,0,23,29,0,0,2,39,0,0,0,21,0,0,0,0,0,0,0,0,6,0,0,0,0,0,16,0,0,0,0,0,0,0,24,0,14,0,8,0,30,0,0,0,35,5,35,0,34,40,0,0,0,40,0,7,0,0,0,27,0,0,0,0,0,23,0,0,0,0,0,0,49,0,0,0,31,0,0,0,0,36,0,0,0,0,0,0,0,6,0,3,0,0,0,7,0,42,17,0,0,0,0,0,0,0,0,48,0,27,0,0,0,0,0,49,0,0,46,0,29,3,0,25,0,0,1,0,0,21,0,8,0,0,0,0,0,0,40,0,0,0,30,0,0
0,0,0,0,0,0,0,43,0,0,0,0,0,0,0,0,0,24,0,0,0,0,0,0,0,0,0,0,0,0,0,0,6,0,0,0,0,0,0,0,0,0,0,25,0,0,0,34,0,0,0,0,0,0,0,44,0,0,0,21,0,0,0,34,0,31,0,0,0,0,0,0,0,0,0,0,0,0,0,30,0,0,0,0,0,0,0,0,0,0,0,0,0,0,0,0,0,0,0,0,0,0,0,0,0,0,0,0,0,0,0,0,0,22,0,0,0,0,0,0,0,0,0,0,0,0,0,0,0,0,0,0,0,0,0,0,0,0,0,0,0,0,0,0,0,0,0,0,0,0,0,0,0,0,0,0,0,26,0,20,0,0,0,0,0,0,0,0,0,0,0,35,0,0,0,0,0,0,0,0,0,0,0,0,0,0,0,0,0,7,39,0,0,0,0,0,0,0,0,12
0,0,19,0,0,0,0,0,0,0,0,0,0,0,0,0,0,0,43,0,0,0,0,0,0,0,0,0,22,0,0,0,0,0,0,0,0,39,0,0,42,0,0,0,0,0,0,0,0,0,0,0,0,0,0,16,0,0,0,0,0,0,0,0,0,0,0,0,0,0,0,0,0,0,0,0,0,0,0,0,0,0,0,20,0,33,0,0,0,0,0,0,0,0,0,0,46,0,0,0,0,0,0,0,0,0,0,42,0,0,0,0,0,0,0,42,0,0,0,0,0,0,0,0,0,0,0,0,0,48,0,0,0,0,0,0,0,0,37,21,0,0,21,0,0,0,0,0,0,0,0,0,0,0,0,0,0,0,0,0,28,36,0,0,0,0,0,0,0,0,0,0,0,0,0,0,0,0,0,12,0,0,0,0,0,0,0,0,0,0,0,0,0,0,0,0,21,0,0,0
0,0,0,0,0,0,0,0,0,0,0,0,0,0,0,0,0,0,0,0,0,0,0,0,0,0,0,0,0,0,0,7,0,0,0,0,0,0,0,0,0,0,0,0,0,0,0,0,0,50,0,0,0,0,0,0,0,0,0,0,0,0,0,0,45,0,0,0,0,41,0,0,0,0,0,0,0,48,0,0,0,0,0,0,0,0,0,0,29,0,0,0,0,0,0,0,0,0,0,0,0,0,0,0,0,0,0,0,0,0,0,0,48,0,0,0,0,0,0,7,0,0,0,0,0,0,0,0,0,0,0,0,0,0,0,0,0,0,0,0,0,0,0,0,0,0,0,0,0,0,0,0,0,0,0,0,0,0,0,0,0,0,0,0,25,0,0,0,0,0,0,0,23,0,8,3,0,0,0,0,0,8,0,0,0,0,0,0,0,0,0,0,0,46,0,0,0,0,0,0
0,0,0,0,0,36,0,0,0,0,0,0,29,0,0,0,0,0,0,0,0,1,0,2,0,0,0,0,0,0,0,0,0,0,0,0,5,0,0,0,0,0,0,0,0,0,0,0,0,0,0,0,0,0,0,0,0,20,0,0,28,1,0,0,0,0,0,0,0,0,0,0,0,0,0,6,0,0,0,0,0,0,0,0,46,0,24,0,0,0,0,31,0,0,19,0,0,0,0,0,0,0,0,0,0,0,0,0,19,8,0,25,0,0,0,0,0,0,0,0,0,0,0,0,0,0,0,0,0,0,0,0,0,0,0,31,0,0,0,0,0,0,0,0,0,0,0,0,0,0,0,0,0,0,0,0,0,0,0,0,0,0,0,0,0,0,0,0,0,0,0,0,0,23,0,40,0,0,18,0,0,0,0,0,0,0,0,0,0,0,0,0,0,0,0,21,0,28,0,0
0,0,0,0,1,0,0,0,0,0,0,0,0,0,0,0,0,0,0,0,0,0,0,0,0,0,0,0,0,0,0,28,0,0,0,0,0,0,0,0,0,0,0,5,0,0,0,0,0,40,0,0,0,0,0,0,0,0,0,0,0,0,0,0,0,0,0,0,0,0,0,27,0,0,0,0,0,0,17,0,0,0,0,0,0,0,0,0,35,0,0,0,0,0,0,0,0,0,0,0,0,0,0,0,0,0,0,0,0,0,0,0,0,0,0,0,0,0,0,0,0,0,0,0,0,0,42,0,0,0,0,0,0,0,0,0,0,0,0,0,0,0,0,0,0,0,0,4,0,0,0,0,0,0,0,0,0,0,0,0,0,0,0,0,0,0,0,0,0,0,0,0,0,0,0,0,0,4,0,0,0,0,0,0,0,0,0,0,0,0,0,12,0,0,0,0,0,0,0,0
0,0,44,0,0,0,0,0,0,0,0,3,0,0,0,0,0,0,21,0,0,0,30,0,0,0,0,0,42,0,0,0,0,0,0,0,0,0,31,0,0,0,0,0,0,0,0,0,0,0,0,0,21,0,0,0,0,0,0,0,0,0,0,0,0,0,0,0,0,0,0,0,29,0,28,0,0,0,0,0,47,0,49,25,0,44,0,0,0,0,0,0,0,0,0,0,0,0,0,0,0,0,0,0,0,0,0,0,0,0,0,0,0,0,0,0,0,0,0,0,0,0,0,0,0,0,0,0,0,0,0,0,0,0,0,0,0,0,49,0,50,0,0,0,0,0,0,0,0,0,0,0,0,0,0,0,0,0,0,0,0,19,0,0,0,0,0,0,4,0,0,0,0,0,0,0,0,0,0,40,0,0,29,21,0,0,0,0,0,0,0,0,0,0,0,0,0,0,0,0
0,0,0,0,0,0,0,0,0,0,36,0,0,0,0,26,0,0,0,0,0,0,0,0,0,0,0,0,0,0,19,29,0,0,0,0,13,0,0,25,0,0,0,0,0,0,0,0,0,11,0,0,0,0,0,0,0,1,0,0,0,0,0,0,31,0,0,0,0,0,0,0,0,0,0,10,0,4,48,0,0,0,0,0,0,0,21,4,33,0,0,0,0,0,0,0,0,0,0,0,0,0,0,0,0,0,0,0,0,0,0,39,0,0,0,0,0,0,0,25,24,0,0,0,0,0,28,0,0,0,0,0,0,0,0,0,0,0,0,0,0,42,0,0,0,0,0,43,0,0,0,0,0,0,0,0,0,0,0,0,0,0,0,7,11,0,0,0,0,0,0,0,0,0,0,4,0,0,0,0,0,45,0,0,0,0,0,0,0,0,0,0,0,0,2,0,0,0,0,0
0,0,0,0,0,32,0,0,0,33,42,0,0,0,0,37,0,0,0,0,0,31,0,30,0,0,0,0,0,0,0,0,0,0,0,0,0,0,0,0,0,0,37,0,0,0,37,0,0,0,0,0,0,0,0,0,0,0,0,0,0,0,22,0,0,0,0,0,0,0,0,0,0,0,0,0,45,0,0,0,0,0,0,0,0,0,0,0,0,0,0,0,0,0,9,27,0,0,4,0,36,0,0,0,6,0,0,0,27,0,0,34,0,0,17,0,32,0,0,0,10,7,0,0,0,0,0,47,0,0,0,0,0,0,0,0,0,0,0,0,0,10,0,0,11,0,0,0,0,0,0,0,30,0,0,0,13,0,41,0,0,0,0,17,0,6,2,0,0,21,0,0,0,9,0,48,0,0,0,0,0,0,0,0,0,0,0,0,0,0,0,0,0,0,0,33,0,3,0,0
0,0,0,0,13,0,0,0,0,0,0,0,0,0,0,0,0,0,0,0,0,0,0,0,0,0,0,0,0,0,0,0,0,0,0,0,0,0,0,0,0,0,0,0,0,0,0,0,0,0,0,0,0,0,0,0,0,0,0,0,0,0,0,0,0,0,0,0,0,0,0,0,0,0,0,0,0,1,0,0,0,0,0,0,0,0,0,6,0,0,0,0,0,0,0,0,0,0,0,0,0,0,0,0,0,0,0,0,0,0,0,0,0,0,0,0,0,0,50,0,0,0,0,0,0,0,18,0,42,0,0,0,0,0,0,0,0,0,0,0,0,0,0,0,0,0,0,37,0,0,0,0,0,0,0,0,0,0,0,0,0,0,0,0,0,0,0,0,0,0,0,0,25,0,0,0,0,4,0,0,0,0,0,0,0,0,0,0,0,0,0,50,0,0,0,0,0,0,0,0
44,0,0,0,0,0,0,0,0,0,0,0,0,35,0,0,0,0,31,0,0,0,0,0,0,0,0,0,0,0,0,0,0,0,0,0,0,0,0,0,0,0,0,0,0,35,0,0,0,0,0,0,0,0,0,0,9,0,0,0,0,0,0,14,0,14,0,0,0,0,0,0,0,0,0,0,0,0,0,4,0,0,0,0,0,0,0,0,0,0,0,0,0,0,0,0,0,0,0,0,0,0,10,0,0,9,0,7,0,0,0,0,0,0,0,0,0,0,0,0,0,0,0,0,23,0,0,0,0,0,0,0,0,0,0,0,0,0,0,0,0,0,0,0,0,30,0,0,0,0,0,0,0,0,0,0,0,0,0,4,0,0,0,0,0,0,0,0,0,0,0,41,0,0,0,0,0,0,0,0,0,0,0,0,0,4,0,6,0,13,0,0,0,0,0,0,9,0,0,6
0,0,0,0,0,0,0,0,0,0,0,0,0,0,0,0,0,0,0,0,32,0,0,0,0,0,0,0,20,0,0,0,0,0,0,0,0,0,0,0,33,0,0,0,0,0,0,0,0,0,0,0,6,0,0,0,0,0,0,0,0,0,0,0,0,0,0,0,4,0,0,0,46,0,48,0,0,0,0,0,23,0,0,0,0,0,0,0,0,0,0,0,0,0,0,0,0,0,0,0,0,0,0,0,0,0,0,0,0,0,0,0,0,0,0,0,0,4,0,0,0,0,0,0,0,14,0,0,0,4,0,0,0,0,0,0,0,0,41,0,50,0,0,0,0,0,0,0,0,0,0,0,0,0,0,0,0,0,0,0,0,9,0,0,0,0,0,0,0,0,0,0,0,0,0,0,0,0,0,26,0,0,0,6,0,0,0,0,0,0,0,0,0,0,0,0,0,0,40,0
0,0,0,0,0,22,0,0,0,0,0,0,50,0,0,0,0,0,0,0,0,9,0,1,0,0,32,0,0,0,0,0,0,0,0,0,27,0,0,0,0,0,0,0,0,0,45,0,0,0,0,16,0,0,42,0,0,0,0,0,5,0,50,0,0,0,48,26,0,0,0,0,0,0,0,0,0,0,0,0,0,0,0,0,0,0,27,0,0,0,0,0,0,16,29,0,0,0,32,48,0,0,0,0,37,0,33,0,0,23,0,0,0,0,1,0,0,0,0,0,0,0,0,29,0,0,0,0,0,0,0,12,0,0,0,0,0,0,0,0,0,0,0,0,0,0,0,0,8,0,0,0,0,0,0,0,0,0,0,0,0,0,0,0,0,0,44,38,0,0,0,0,0,28,0,0,0,0,15,0,0,0,0,0,27,0,0,0,0,0,0,0,0,0,17,0,0,38,0,0
0,0,3,0,0,0,0,0,0,0,24,0,0,0,0,0,0,0,4,0,0,0,0,0,0,0,0,0,0,0,0,47,0,0,0,0,0,50,44,32,0,0,3,0,0,0,0,0,25,0,0,0,0,33,0,0,0,0,0,46,0,0,0,0,0,40,0,18,0,0,0,0,0,0,0,0,0,0,0,0,0,0,0,0,0,0,0,0,0,0,0,35,0,38,0,0,0,16,0,0,0,0,0,25,0,0,0,0,0,0,0,0,0,43,0,0,0,0,0,0,0,0,32,0,0,0,0,0,0,0,0,0,0,0,0,0,0,0,0,23,0,0,0,0,41,0,0,0,0,0,0,9,0,3,0,0,0,0,0,0,26,0,0,0,0,0,0,0,0,0,0,0,0,0,0,0,0,0,0,0,0,0,0,33,0,43,0,0,48,2,0,0,0,0,0,0,0,0,0,27
0,0,0,35,0,0,0,0,24,0,0,0,0,0,0,0,0,0,0,0,8,0,0,0,32,0,0,33,37,21,0,0,0,3,0,0,0,0,0,0,0,0,0,0,0,0,0,0,0,0,0,0,36,0,0,0,0,0,0,0,0,0,0,0,0,0,0,25,0,0,0,0,0,0,0,0,0,0,0,0,0,0,25,0,0,0,0,0,0,0,38,0,20,0,0,0,0,0,0,0,0,0,0,0,0,0,0,0,0,0,41,0,0,0,0,0,0,0,0,0,0,0,0,0,0,0,0,0,0,0,0,0,0,0,47,0,0,0,0,0,48,0,0,42,0,0,0,0,0,0,0,26,0,0,0,0,0,0,0,0,0,0,0,0,0,0,0,0,33,0,0,0,0,0,0,0,0,0,0,0,0,0,50,0,0,0,0,0,0,0,0,0,0,0,0,0,0,0,14,0
0,0,0,0,0,0,0,0,0,0,0,49,0,0,0,0,0,0,0,0,0,0,4,0,0,0,0,0,0,0,0,0,0,0,0,0,0,17,0,0,36,0,0,0,0,0,0,0,0,0,0,0,0,0,0,0,0,0,0,42,0,0,0,0,0,0,0,0,36,0,0,0,7,0,0,0,0,0,0,0,0,0,0,0,0,19,0,0,0,24,0,0,44,0,0,0,0,33,0,0,0,0,0,0,0,0,0,0,0,0,0,0,0,0,0,0,0,18,0,0,0,0,0,0,0,0,0,0,0,0,0,0,0,0,0,0,3,0,0,36,0,0,40,0,0,0,28,0,0,0,0,0,0,0,0,0,0,0,0,0,49,23,0,0,0,0,0,0,0,0,0,0,0,0,0,0,0,0,0,41,0,0,0,31,0,0,17,0,0,1,0,0,0,0,0,0,0,0,0,0
0,0,0,0,0,0,0,0,0,0,0,33,0,0,0,0,0,0,0,0,0,0,28,0,0,0,0,0,21,0,0,0,0,0,0,0,0,7,32,0,0,0,0,0,0,0,0,0,0,0,0,0,0,0,0,0,0,0,0,11,0,0,0,0,0,0,0,0,8,0,0,0,28,0,0,0,0,0,0,0,38,0,0,0,0,27,0,0,0,46,0,0,0,0,0,0,0,0,0,0,0,19,0,0,0,0,0,0,0,0,0,0,0,42,0,1,0,9,0,0,0,0,0,0,0,0,0,0,0,27,0,0,0,0,22,0,0,0,0,0,0,0,0,0,0,0,30,0,0,0,0,0,0,0,0,0,0,0,0,0,33,0,0,0,0,0,0,0,0,0,0,0,0,0,0,0,0,0,0,9,0,0,13,20,0,0,0,0,0,0,0,0,0,0,0,0,0,0,0,0
0,0,34,30,0,0,0,0,0,0,0,0,0,0,0,0,0,0,0,0,0,0,0,0,45,0,0,0,0,0,0,0,0,0,43,0,0,0,13,0,0,0,0,0,0,0,0,0,0,0,18,0,13,0,0,0,0,0,0,0,0,0,0,0,0,0,0,4,11,0,0,0,0,0,40,0,0,0,0,0,0,0,23,0,0,4,0,0,0,24,50,0,0,0,0,0,0,0,0,0,0,17,0,0,0,0,0,0,0,0,22,0,0,0,0,0,0,15,0,0,0,0,29,0,0,0,0,0,0,0,0,0,0,0,0,0,0,0,0,0,0,0,0,0,0,0,0,0,0,0,29,0,0,0,36,0,0,0,0,0,8,0,0,0,0,0,0,0,41,0,0,0,0,0,0,0,0,0,0,0,0,0,0,21,0,0,0,0,0,0,0,0,0,0,0,0,0,0,50,0
0,0,0,0,0,35,0,0,0,0,35,0,0,0,0,0,0,0,0,0,0,0,0,0,0,0,0,0,0,0,27,0,0,0,0,31,0,0,0,0,0,0,0,0,0,0,0,0,0,0,0,0,0,0,46,0,0,38,0,0,0,0,0,0,43,0,0,0,0,0,0,0,0,0,0,0,0,0,0,0,0,0,0,0,0,0,0,9,0,0,0,39,0,0,0,0,0,0,0,40,0,0,0,0,0,0,0,0,0,27,0,0,30,0,0,0,0,0,0,0,14,0,0,0,0,0,0,47,0,0,0,0,0,0,0,0,0,0,0,0,0,0,0,0,21,0,0,0,0,0,0,0,0,0,0,0,0,0,0,0,0,0,0,0,0,0,0,0,0,0,11,0,0,3,3,0,0,0,0,0,0,38,0,0,0,0,0,0,0,0,0,0,0,0,47,0,0,50,0,0
0,0,0,13,0,0,0,0,0,0,0,0,0,0,0,0,3,0,0,0,0,0,0,0,0,0,0,0,0,29,0,0,0,0,0,0,0,0,33,0,0,0,0,0,0,0,0,0,0,0,0,0,30,0,0,0,0,0,0,0,0,0,0,0,0,0,0,0,22,0,0,0,10,0,0,0,0,0,0,0,0,0,0,0,0,41,0,0,0,0,28,0,5,0,0,0,0,0,0,0,0,0,0,0,0,0,0,0,0,0,0,0,0,0,0,0,0,18,0,0,0,0,0,0,0,0,0,0,0,20,0,0,0,0,47,0,0,35,0,49,22,0,0,0,0,0,0,0,0,0,0,0,0,0,0,0,0,0,0,0,0,28,0,0,0,0,0,0,37,0,0,0,0,0,0,0,0,0,0,0,0,0,35,0,0,0,0,0,0,0,0,0,0,0,0,0,0,0,43,0
0,0,0,0,0,0,0,0,0,0,0,0,0,0,0,0,27,0,0,0,0,0,0,0,0,0,0,0,36,18,0,0,0,0,33,0,0,0,0,0,0,0,0,0,41,0,0,0,0,0,0,17,0,0,0,0,0,0,0,0,0,0,1,0,0,0,0,0,0,0,0,0,0,0,0,0,34,0,0,0,0,0,0,0,0,0,0,0,0,22,0,0,0,0,0,0,0,0,0,0,0,0,0,21,0,0,0,0,0,0,41,0,0,0,0,0,0,0,0,0,0,0,15,0,0,0,0,0,0,0,0,0,0,0,0,0,0,0,0,0,3,0,0,0,0,0,0,0,47,0,6,0,0,34,0,0,0,0,0,0,50,0,0,0,0,0,0,0,0,0,0,0,0,0,0,0,0,0,0,0,0,0,0,0,3,0,0,0,28,0,0,0,0,0,0,0,0,0,33,0
0,0,0,0,0,31,15,0,0,0,0,0,0,0,0,14,0,0,0,0,0,12,0,28,0,23,0,0,0,0,0,0,0,0,0,31,34,0,0,0,0,0,0,0,0,0,37,0,0,0,0,0,0,0,0,0,0,10,0,0,37,27,29,0,0,0,46,0,0,23,0,0,0,0,0,1,38,0,0,0,0,38,0,0,8,0,0,0,0,0,0,4,0,0,43,0,0,0,48,46,22,0,0,0,28,0,0,0,19,36,0,24,0,0,38,0,0,0,0,0,10,0,0,0,0,0,0,14,0,0,0,0,0,0,0,24,0,0,0,0,0,0,0,0,0,0,0,0,0,0,0,0,0,0,0,0,0,0,16,0,0,0,0,38,1,0,0,38,0,0,0,0,0,0,0,43,36,0,0,0,0,0,0,0,0,0,33,0,17,0,0,0,0,0,24,23,0,4,0,0
33,0,0,0,0,0,0,0,0,0,0,0,0,0,0,0,0,0,0,0,0,0,0,0,0,0,0,0,0,0,0,46,0,0,0,0,0,0,0,0,0,14,0,19,0,49,0,0,18,0,0,0,0,0,0,40,0,0,0,0,0,0,0,6,0,0,0,0,0,0,0,0,0,0,0,0,0,34,0,0,0,0,0,0,0,0,0,0,0,0,0,0,0,0,0,0,0,0,0,0,0,0,12,0,0,0,0,0,0,0,0,0,0,47,0,0,0,0,0,0,0,0,0,0,38,0,0,0,0,0,0,0,0,0,0,0,0,0,0,0,0,0,0,0,0,0,0,0,0,20,0,0,0,0,0,2,0,31,0,49,0,0,0,0,0,0,0,0,0,0,0,8,0,0,0,0,0,0,0,0,0,0,0,0,0,0,0,0,0,0,22,0,0,0,0,0,0,0,0,0
0,0,0,0,0,0,0,0,42,0,0,0,0,0,0,0,31,0,0,0,32,0,0,0,0,0,0,0,0,2,0,0,0,0,0,0,0,0,3,0,0,0,0,0,36,0,0,0,0,0,0,2,0,0,0,0,0,0,22,0,0,0,21,0,0,8,0,0,0,0,0,0,0,0,0,0,26,0,0,0,0,0,0,0,0,0,0,0,0,0,0,0,0,0,0,0,0,0,0,0,0,5,0,45,0,0,0,0,0,39,32,0,0,0,0,0,0,1,0,0,0,15,0,0,0,0,0,0,0,0,0,0,0,0,0,0,34,0,0,0,0,0,0,19,14,0,0,0,0,0,6,0,30,0,0,0,0,0,17,0,0,0,0,24,0,50,0,0,0,0,0,0,0,0,0,0,0,0,0,0,0,0,0,0,12,0,45,0,27,0,0,0,0,0,0,0,0,0,0,0
0,0,0,0,0,0,0,0,0,0,0,0,0,0,0,0,0,0,0,0,0,0,0,0,0,0,0,0,0,0,0,0,0,0,0,0,0,0,0,0,0,0,0,0,0,0,0,0,0,0,0,0,0,0,0,0,0,0,0,0,0,0,0,0,0,0,0,0,0,0,0,49,0,0,0,0,0,0,0,0,0,0,0,0,0,0,0,0,40,0,0,0,0,0,0,0,0,0,0,0,0,0,0,0,0,0,0,0,0,0,0,0,0,0,0,0,0,0,0,0,0,0,0,0,0,0,32,0,0,0,0,0,0,0,0,0,0,0,0,0,0,0,0,0,0,0,0,0,0,0,0,0,0,0,0,0,0,0,0,0,0,0,0,0,0,0,0,0,0,0,0,0,0,0,16,0,0,31,0,0,0,0,0,0,0,0,0,0,0,0,0,23,0,0,0,0,0,0,0,0
0,0,0,0,0,0,13,0,16,0,17,0,33,0,0,0,0,0,0,0,0,7,0,18,0,5,20,0,0,0,0,0,0,0,0,0,46,0,21,0,0,0,0,0,0,0,41,0,0,0,0,1,0,0,42,0,0,0,1,0,5,0,14,0,0,0,0,0,0,0,0,0,34,0,0,0,0,0,0,0,0,0,0,0,0,0,14,0,0,38,0,0,0,0,0,35,0,0,0,0,0,38,0,0,0,0,48,0,0,6,49,29,0,0,37,0,0,0,0,0,24,7,14,32,0,0,0,0,0,0,0,6,0,0,0,0,4,0,0,0,0,0,0,0,42,0,35,0,0,0,0,15,3,16,0,0,0,0,0,0,9,0,0,0,0,31,0,0,0,10,0,0,0,0,0,0,0,0,37,0,0,0,0,0,24,0,0,0,0,0,0,0,0,0,0,43,0,4,0,0
45,0,0,0,0,0,0,0,0,0,0,0,0,0,0,0,0,0,0,0,0,0,0,0,0,0,0,0,0,0,0,0,43,0,0,0,0,0,0,0,0,0,0,0,0,40,0,48,7,0,0,0,0,0,0,28,0,0,0,0,0,0,0,0,0,0,0,0,0,0,0,0,0,0,0,0,0,4,0,0,0,0,0,0,0,0,0,0,0,0,0,0,0,0,0,0,0,0,0,0,0,0,0,0,0,14,0,0,0,0,0,0,0,0,0,0,0,0,0,0,0,0,0,0,16,0,0,0,0,0,0,0,0,45,0,0,0,0,0,0,0,0,0,0,0,0,0,0,0,0,0,0,0,0,0,0,0,0,0,0,0,0,0,0,0,0,0,0,0,0,0,24,0,0,0,0,0,0,0,0,0,0,0,0,0,44,0,17,0,0,16,0,0,0,0,0,0,0,0,37
0,0,23,0,0,0,0,0,48,0,0,0,0,0,0,0,12,0,0,0,0,0,0,0,0,6,0,0,43,0,0,0,0,0,4,0,0,0,5,0,0,0,0,0,14,0,0,0,0,0,0,0,0,0,0,0,0,0,0,0,0,34,6,0,0,0,0,12,0,0,0,0,0,0,0,0,28,0,0,0,0,0,0,0,0,0,0,0,0,42,0,0,0,45,0,0,0,0,48,0,0,6,0,35,0,0,20,0,0,0,0,0,0,0,7,0,0,0,0,0,0,0,25,0,0,0,0,0,0,0,0,0,0,0,0,34,0,23,0,0,0,0,0,0,0,0,0,0,47,0,0,42,0,0,47,0,0,0,0,0,6,0,0,0,0,0,7,0,0,0,0,0,0,0,0,0,0,0,42,0,0,0,0,24,48,0,0,0,41,0,0,0,0,0,0,0,0,0,0,0
0,0,0,0,0,0,0,0,50,0,0,0,0,0,0,0,5,0,0,0,38,0,0,0,0,8,0,47,1,0,0,0,0,0,0,0,0,0,10,0,0,0,2,0,0,0,0,0,0,0,0,12,0,15,0,0,0,0,15,0,0,0,0,0,0,0,0,0,0,0,0,0,20,0,0,0,2,0,0,0,0,0,0,0,0,0,0,0,0,0,0,0,0,0,0,0,0,0,0,0,0,6,0,0,0,0,0,0,0,0,1,0,0,0,0,0,0,0,0,0,0,0,0,0,0,0,0,0,0,21,0,0,0,0,25,0,0,0,11,29,9,0,20,44,0,0,7,0,0,0,0,0,0,1,0,0,0,0,0,0,0,0,0,0,0,0,0,0,42,0,0,0,0,0,0,0,0,0,0,0,0,0,14,0,45,0,49,0,0,0,0,0,0,0,0,0,0,0,0,0
0,0,0,0,0,22,0,0,0,40,47,0,0,0,0,14,0,0,0,0,0,0,0,0,0,41,0,0,0,0,30,0,0,0,0,0,0,0,0,24,0,0,0,0,8,0,0,0,0,10,0,0,0,0,49,0,0,0,0,30,0,42,0,0,22,0,0,0,0,6,0,0,0,0,0,0,36,0,37,0,0,0,0,0,0,0,0,49,0,0,0,45,0,48,0,0,0,1,0,0,0,0,0,0,40,0,0,0,0,0,0,0,42,0,0,0,0,0,0,0,0,22,0,0,0,0,0,17,0,0,30,0,0,0,0,48,49,0,0,0,0,17,0,0,19,0,0,0,0,0,0,0,0,0,0,0,0,0,5,0,0,0,0,0,0,0,0,0,0,0,8,0,0,35,0,0,0,0,15,0,0,0,0,0,0,0,0,0,0,0,0,0,0,4,0,48,0,0,0,0
0,0,10,0,0,0,15,0,0,25,37,0,7,0,0,0,0,0,17,0,0,0,0,0,0,0,0,0,0,0,0,0,0,0,28,0,0,0,31,0,0,0,11,0,0,0,26,0,0,0,0,0,0,14,0,0,0,0,0,0,0,0,0,0,0,0,0,44,0,0,0,0,15,0,0,0,19,0,0,0,0,0,0,0,0,0,0,0,0,10,0,44,0,2,0,0,0,27,0,0,0,0,0,27,0,0,0,0,0,0,13,0,0,0,0,0,0,33,0,0,0,0,0,0,0,0,0,0,0,0,0,14,0,0,0,0,0,0,16,0,0,0,0,0,30,0,14,0,0,0,18,0,37,0,0,0,0,0,13,0,29,0,0,5,0,5,0,0,0,0,0,0,0,0,0,0,0,0,47,0,0,0,0,0,49,0,14,0,23,0,0,0,0,0,0,0,0,0,0,0
0,0,0,0,0,0,0,0,41,0,0,0,0,0,0,0,0,0,0,0,6,0,0,0,0,0,0,47,23,0,0,0,0,0,0,0,0,0,16,0,0,0,0,0,0,0,0,0,0,0,11,13,0,0,0,0,0,0,0,0,0,0,29,0,0,0,0,16,0,0,0,0,10,0,0,0,0,0,0,0,0,0,0,0,0,0,0,0,0,0,0,0,0,0,0,0,0,0,0,0,0,41,0,0,0,0,7,0,0,0,49,0,0,0,0,0,0,0,0,0,0,0,0,0,0,0,0,0,0,0,0,0,0,0,0,0,0,27,0,0,0,0,0,41,0,0,26,0,9,0,0,11,0,37,0,0,0,0,0,0,17,0,0,0,0,0,0,0,0,0,0,0,0,0,0,0,0,0,0,0,0,0,0,0,38,0,0,0,4,0,0,0,24,0,0,0,0,0,44,0
3,0,0,0,0,0,0,0,0,0,0,0,0,0,0,0,0,34,0,31,0,0,0,0,0,0,0,0,0,0,0,0,0,0,0,0,0,0,0,0,0,0,0,0,0,0,0,0,0,0,0,0,0,0,0,0,0,0,0,0,0,0,0,0,0,0,0,0,0,0,14,0,0,37,0,0,0,0,0,0,0,0,0,0,0,0,0,0,0,0,0,0,0,0,0,0,0,0,0,0,0,0,0,0,0,0,0,0,0,0,0,0,0,0,0,0,0,0,0,0,0,0,0,0,28,0,0,0,0,0,0,0,0,0,0,0,0,0,0,0,0,0,0,0,0,0,0,0,0,30,0,0,0,0,0,0,0,43,0,0,0,0,0,0,0,0,0,0,0,0,0,37,0,0,0,0,0,0,0,0,0,0,0,0,0,0,0,0,0,0,0,0,0,0,0,0,0,0,0,0
0,0,0,0,0,0,0,0,0,0,0,0,29,0,0,0,0,0,0,0,0,0,0,0,0,0,0,0,0,0,17,0,0,0,0,27,0,0,0,0,0,0,0,0,0,0,0,0,0,0,0,0,0,0,8,0,0,12,0,0,0,0,0,0,5,0,7,0,0,0,0,0,0,0,0,36,0,0,41,0,0,0,0,0,9,0,0,10,0,0,0,35,0,0,0,0,0,0,0,0,0,0,0,0,0,0,0,0,0,0,0,0,0,0,0,0,0,0,0,0,47,1,0,0,0,0,28,27,0,0,8,0,0,0,0,0,0,0,0,0,0,6,0,0,14,0,0,0,0,0,0,0,42,0,0,0,0,0,0,0,0,0,0,0,0,0,0,0,0,0,0,0,0,33,0,0,0,0,0,0,0,0,0,0,0,0,0,0,0,0,0,0,0,33,0,0,0,0,0,0
0,0,0,0,0,0,0,18,0,0,0,0,0,0,23,0,0,3,0,24,0,0,0,0,0,0,0,0,0,0,0,0,0,0,0,0,0,0,0,0,0,0,0,43,0,11,0,0,0,0,0,0,0,0,0,7,23,0,0,0,0,0,0,24,0,0,0,0,0,0,0,0,0,0,0,0,0,0,0,0,0,0,0,0,0,0,0,0,0,0,0,0,0,0,0,0,0,0,0,0,0,0,40,0,0,0,0,18,0,0,0,0,0,0,0,0,0,0,0,0,0,0,0,0,0,0,0,0,0,0,0,0,0,15,0,0,0,0,0,0,0,0,0,0,0,0,0,0,0,20,0,0,0,0,0,0,0,0,0,0,0,0,0,0,0,0,0,0,0,0,0,23,0,0,0,0,0,0,0,0,0,0,0,0,0,0,0,0,0,0,36,0,0,0,0,0,41,0,0,0
0,0,0,0,0,0,2,0,0,0,0,0,0,0,0,0,0,0,0,0,0,0,0,20,0,30,21,0,0,0,0,0,0,0,36,0,0,0,0,0,0,0,0,0,7,0,18,0,0,0,0,8,0,0,0,0,0,0,0,0,42,10,0,0,0,0,0,0,0,0,0,0,0,0,0,0,12,0,0,0,0,29,0,0,0,0,0,0,0,14,0,32,0,0,27,0,0,0,47,32,0,0,0,22,0,0,0,0,0,0,0,8,0,0,13,0,0,0,0,0,0,28,27,23,0,0,0,12,0,0,0,0,0,0,0,24,37,0,0,0,0,0,0,0,0,0,0,0,28,0,6,0,0,0,0,0,0,0,0,0,0,0,38,0,0,0,0,0,0,0,0,0,0,0,0,0,21,0,37,0,0,0,0,0,0,0,27,0,24,0,0,0,14,0,0,27,0,37,0,0
0,0,0,0,0,0,0,36,0,0,0,0,0,7,0,23,0,0,0,0,0,0,0,0,0,0,0,0,0,0,0,27,19,0,0,0,0,0,0,17,0,0,0,0,0,0,0,0,0,0,0,0,0,0,0,14,0,0,0,0,0,0,0,0,0,26,0,0,0,0,0,0,0,0,0,0,0,0,0,25,0,0,0,0,0,0,0,0,0,0,0,0,0,0,0,0,0,35,0,0,0,0,0,0,0,0,0,0,0,0,0,0,0,0,0,27,0,0,0,30,0,0,0,0,0,0,0,0,0,0,0,0,0,0,0,0,0,0,0,0,0,0,0,0,0,0,0,0,0,13,0,0,0,0,0,0,0,15,0,0,0,0,0,13,0,0,0,0,0,0,0,2,0,0,0,0,0,0,0,0,0,0,0,0,0,38,0,11,0,0,0,0,0,0,0,0,0,0,0,6
0,0,23,0,0,0,0,0,30,0,0,0,0,0,0,0,3,0,18,0,0,0,0,0,0,0,0,0,0,19,0,0,0,0,6,0,0,0,27,0,0,0,33,0,0,0,0,0,0,0,37,0,0,2,0,0,0,0,0,0,0,0,0,0,0,0,0,0,14,0,0,0,1,0,0,0,14,0,0,0,0,0,0,0,0,0,0,0,0,42,0,0,0,0,0,0,0,0,0,0,0,21,0,0,0,0,0,0,0,0,40,0,0,0,0,0,0,0,0,0,0,0,7,0,0,0,0,0,0,7,0,0,0,0,11,0,0,24,0,0,0,0,37,0,0,0,9,0,0,0,0,4,0,0,0,0,0,0,0,0,0,0,0,0,0,0,0,0,24,0,0,0,0,0,0,0,0,0,0,0,0,0,0,8,0,0,0,0,0,0,0,0,0,0,0,0,0,0,0,0
0,0,41,0,0,0,0,0,0,0,0,30,0,0,0,0,0,0,26,0,0,0,1,0,16,0,0,0,0,0,0,0,0,0,0,0,0,0,0,0,0,0,0,0,0,0,0,0,0,0,0,0,0,18,0,0,0,0,0,0,0,0,0,0,0,0,0,0,0,0,0,0,0,0,0,0,0,0,0,0,0,0,0,48,0,0,0,0,0,0,0,0,0,0,0,0,12,0,0,0,0,0,0,0,0,0,0,0,0,0,0,0,0,0,0,38,0,29,0,0,0,0,0,0,0,0,0,0,0,0,0,0,0,0,0,0,0,0,0,10,0,0,0,0,0,0,0,0,0,0,0,0,0,0,0,0,0,0,0,0,0,0,0,0,0,0,0,0,20,0,0,0,0,0,0,0,0,0,0,0,0,0,41,2,0,0,0,0,0,0,22,0,0,0,0,0,0,0,0,0
0,0,0,0,0,0,0,0,8,0,0,0,50,0,0,0,0,0,0,0,0,14,0,0,0,0,3,0,0,0,0,0,0,0,0,0,0,0,0,0,0,0,0,0,5,0,24,0,0,0,0,0,0,0,0,0,0,0,47,0,48,0,7,0,0,0,0,26,0,0,0,0,0,0,0,0,37,0,0,0,0,0,0,0,0,0,0,0,0,0,0,0,0,0,0,0,0,0,27,0,0,0,0,43,21,0,32,0,24,47,3,0,0,0,0,0,0,0,0,0,0,31,0,0,0,0,0,21,0,0,0,13,0,0,0,25,0,0,0,0,0,0,0,0,29,0,0,0,34,0,26,0,0,11,0,0,0,0,0,0,0,0,0,0,0,0,9,0,0,0,0,0,0,0,0,0,0,0,0,0,0,0,0,0,32,0,0,0,18,0,0,0,0,0,0,0,0,0,0,0
0,28,39,0,0,0,12,0,0,0,23,0,43,0,0,0,0,0,0,0,0,0,0,0,0,27,0,0,0,0,39,0,0,0,0,0,0,5,0,31,0,0,2,0,0,0,0,0,22,43,0,0,0,0,0,0,0,0,0,0,0,0,0,0,0,0,0,0,0,0,0,0,0,0,0,0,0,39,0,0,0,0,0,0,0,0,0,0,0,37,0,0,0,34,0,0,0,38,0,2,28,0,0,44,0,0,0,0,0,16,0,0,0,0,0,0,0,0,0,7,0,50,0,4,0,0,0,0,0,0,0,0,0,0,0,0,40,0,0,0,0,0,0,0,0,0,0,0,0,0,0,0,4,0,0,0,0,0,26,0,0,0,0,0,3,0,0,0,0,0,0,0,0,0,0,0,0,17,0,0,0,1,0,0,0,50,0,39,48,24,0,0,0,16,0,0,0,0,0,20
0,35,0,0,0,0,0,0,0,12,0,0,32,0,0,38,0,0,0,0,0,0,0,0,0,0,0,0,0,0,50,0,0,0,0,0,39,0,0,0,0,0,0,0,0,0,27,0,0,10,0,0,0,0,0,0,0,0,0,50,0,0,0,0,0,0,0,0,0,35,0,0,0,0,0,0,0,0,18,0,0,0,0,0,0,0,0,0,0,0,0,0,0,4,0,19,0,0,0,18,36,0,0,0,34,0,0,0,0,0,0,45,0,2,0,0,0,0,0,35,10,0,0,0,0,0,0,0,0,0,0,23,0,0,0,0,23,0,0,0,0,0,0,0,0,0,0,0,0,0,0,0,45,0,0,0,0,0,0,14,0,0,0,0,0,0,0,0,0,47,37,0,18,0,30,47,0,0,0,0,0,24,0,0,0,0,48,0,0,45,0,0,0,7,36,0,0,7,0,0
0,0,0,0,0,46,44,0,0,0,4,0,0,0,0,0,0,0,0,0,0,0,0,27,0,19,41,0,0,0,0,0,0,0,0,0,0,0,0,0,0,0,0,0,0,0,4,0,0,0,0,48,0,0,22,0,0,0,0,0,45,18,0,0,0,0,0,0,0,0,0,0,0,0,0,12,38,0,0,0,0,0,0,0,0,0,0,0,0,25,0,0,0,0,0,0,0,0,44,0,42,36,0,12,0,0,0,0,49,23,18,0,0,0,0,0,0,0,0,0,37,0,0,3,0,0,0,11,0,0,0,0,0,0,0,48,0,0,0,0,0,0,0,0,18,0,0,0,0,0,3,0,39,0,0,0,0,0,38,0,0,0,3,0,0,0,0,0,0,0,0,0,0,0,0,0,44,0,33,0,0,0,0,0,31,0,0,0,0,0,0,0,0,0,0,34,0,30,0,0
0,0,0,0,0,0,23,0,16,0,0,0,0,0,0,0,25,0,0,0,12,0,0,0,0,38,0,0,0,0,0,0,0,0,25,0,45,0,48,0,0,0,0,0,0,0,0,0,0,0,0,30,0,0,0,0,0,0,2,0,0,0,21,0,0,0,0,0,0,0,0,0,0,0,0,0,0,0,0,0,0,0,0,0,0,0,0,0,0,0,0,0,0,0,0,0,0,0,0,0,2,31,0,0,0,0,35,0,0,0,0,0,0,0,25,0,0,0,0,0,0,0,44,29,0,0,0,0,0,0,0,0,0,0,0,0,2,0,0,0,0,0,0,13,11,0,13,0,35,0,0,30,0,23,25,0,0,0,48,0,41,0,0,0,0,44,0,0,0,0,0,0,0,0,0,0,0,0,0,0,0,0,0,0,0,0,15,0,18,0,0,0,3,0,0,0,0,0,0,0
0,0,0,0,0,0,0,0,0,0,0,0,0,0,0,0,0,0,0,0,0,12,0,0,0,0,3,0,0,0,0,0,0,0,0,0,0,0,0,0,0,0,0,0,0,0,0,0,0,0,0,0,0,0,0,0,0,0,0,0,41,8,0,0,0,0,15,0,0,0,0,0,0,0,0,0,0,0,0,0,0,48,0,0,0,0,0,0,0,0,0,0,0,0,0,0,0,0,0,0,0,0,0,0,39,0,0,0,0,38,0,0,0,0,0,0,0,0,0,0,0,0,0,0,0,0,0,38,0,0,0,16,0,0,0,0,0,0,0,0,0,0,0,0,0,0,0,0,0,0,0,0,0,0,0,0,0,0,0,0,0,0,1,0,0,27,0,0,0,0,0,0,0,0,0,0,0,0,0,0,0,0,0,0,0,0,0,0,0,0,0,0,0,0,0,35,0,0,0,0
0,0,0,0,0,0,0,0,0,0,0,0,0,0,0,0,43,0,0,0,37,0,0,0,0,0,0,0,0,48,0,0,0,0,0,0,0,0,18,0,0,0,0,0,0,0,0,0,0,0,17,0,0,0,0,0,0,0,0,0,0,0,0,0,0,0,0,0,0,0,0,0,37,0,14,0,0,0,0,0,0,0,33,0,0,23,0,0,0,0,32,0,0,0,0,0,0,0,0,0,0,0,0,0,0,0,0,0,0,0,0,0,0,0,0,0,0,0,0,0,0,0,0,0,0,0,0,0,0,0,0,0,0,0,2,0,0,0,0,0,0,0,0,0,0,0,0,0,0,0,0,0,0,0,0,0,0,0,0,0,0,0,0,0,0,0,0,0,0,0,0,0,0,0,0,0,0,0,0,0,0,0,0,0,0,0,0,0,0,0,0,0,0,0,0,0,0,0,5,0
0,47,0,0,0,0,42,0,0,0,0,0,0,3,0,0,0,0,33,0,0,0,0,0,0,44,0,0,28,0,34,50,0,0,0,0,47,4,0,0,0,0,12,0,0,0,0,0,49,40,0,0,0,0,0,0,0,48,25,0,0,43,13,0,0,0,0,0,0,39,0,0,0,0,0,0,0,0,0,0,0,0,0,0,0,0,17,0,0,0,0,0,0,11,0,26,0,44,0,0,15,0,0,44,0,0,0,0,0,25,4,27,0,0,0,0,0,0,0,9,0,0,0,30,0,0,0,0,0,0,49,0,0,0,0,0,3,0,0,0,0,0,0,0,21,0,13,0,0,0,0,0,20,8,0,0,0,0,27,0,0,0,0,13,0,36,0,0,0,0,45,0,0,0,0,0,0,0,0,0,0,29,0,0,0,0,44,0,0,0,0,0,0,0,0,0,0,37,0,39
0,0,0,0,0,0,0,0,0,8,16,0,7,0,0,24,0,0,0,0,0,0,0,0,0,0,10,0,0,0,7,0,0,0,0,22,0,0,0,0,0,0,45,0,0,0,0,0,0,0,0,0,0,0,0,0,0,12,0,8,0,10,0,0,0,0,0,0,0,42,0,0,0,0,0,0,0,5,0,0,0,0,0,0,7,0,20,40,0,0,0,0,0,46,0,0,0,11,0,11,0,0,0,0,3,0,0,0,0,10,0,0,0,0,0,0,49,0,0,41,23,0,0,0,0,0,0,32,0,0,32,46,0,0,0,0,33,0,0,0,0,0,0,0,1,0,0,0,0,0,0,0,0,0,0,0,8,0,38,0,0,0,0,32,0,17,0,0,0,0,0,0,0,0,0,0,0,29,0,0,0,0,0,0,0,0,20,0,0,0,0,0,0,0,9,15,0,0,0,0
0,0,0,0,0,0,0,20,0,0,0,0,0,22,21,0,0,0,0,40,0,0,0,0,0,0,0,0,0,0,0,0,0,0,0,0,0,0,0,0,0,0,0,29,0,0,0,0,39,0,0,0,0,0,0,0,0,0,0,0,0,0,0,0,0,0,0,0,0,0,0,0,0,0,0,0,0,0,0,0,4,0,0,0,0,0,0,0,0,0,0,0,0,0,0,0,43,0,0,0,0,0,14,0,0,19,0,0,0,0,0,0,0,0,0,0,0,0,0,0,0,0,0,0,0,0,0,0,0,0,0,0,0,0,0,0,0,0,0,0,0,0,0,0,0,0,0,0,0,0,0,0,0,0,0,0,0,0,0,0,0,0,0,0,0,0,0,0,0,0,0,0,0,0,0,0,0,0,0,0,0,0,0,0,0,0,0,0,0,16,27,0,0,0,0,0,0,0,0,10
0,23,0,0,0,0,0,0,0,0,0,0,0,0,0,21,0,0,0,0,0,0,0,0,0,0,0,0,0,0,2,8,0,0,0,0,0,0,0,0,0,33,0,0,0,0,0,30,0,11,0,0,0,0,0,0,0,0,0,0,0,0,0,0,0,0,0,0,0,5,0,0,0,0,0,0,0,49,0,0,0,0,0,0,0,0,0,0,0,0,0,0,0,0,0,0,0,0,0,0,0,0,0,0,0,0,0,0,0,0,0,0,0,0,0,0,0,0,0,40,0,0,0,0,0,0,0,0,28,0,18,0,0,0,0,0,0,0,0,0,0,0,0,0,0,0,0,3,0,0,0,0,0,0,0,0,0,0,0,0,0,0,0,0,0,0,0,0,0,0,0,0,0,0,18,45,0,0,0,0,0,0,0,0,0,0,0,0,0,0,0,3,0,0,0,0,0,0,0,50
0,0,0,0,0,0,0,0,0,0,16,0,0,0,0,0,0,0,0,0,0,0,0,8,0,0,33,0,0,0,0,0,0,0,0,39,25,0,0,0,0,0,0,0,0,0,0,0,0,0,0,0,0,0,45,0,0,0,0,0,0,9,0,0,0,0,47,0,0,0,0,0,0,0,0,9,0,0,0,0,0,0,0,0,46,0,49,0,0,0,0,29,0,0,21,0,0,0,0,0,0,0,0,0,43,0,0,0,0,0,0,47,19,0,0,0,23,0,0,0,25,0,0,0,0,0,0,0,0,0,0,0,0,0,0,0,0,0,0,0,0,0,0,0,15,0,0,0,0,0,0,0,0,0,0,0,0,0,0,0,0,0,0,0,0,20,0,22,0,0,19,0,0,0,0,42,0,0,0,0,0,0,0,0,0,0,0,0,0,0,0,0,0,0,0,0,0,0,0,0
0,0,0,0,22,0,0,0,0,0,0,0,0,0,0,0,0,0,0,0,0,0,0,0,0,0,0,0,0,0,5,0,0,0,0,0,0,0,0,0,0,0,0,0,0,0,0,26,0,0,0,0,0,0,0,0,0,0,0,0,0,0,0,0,0,0,0,0,0,0,0,0,0,0,0,0,0,43,0,0,0,0,0,0,0,0,0,0,0,0,0,0,0,0,0,0,0,0,0,0,0,0,0,0,0,0,0,0,0,0,0,0,0,0,0,0,0,0,26,39,0,0,0,0,0,0,0,0,2,0,19,0,3,0,0,0,0,0,0,0,0,0,0,0,0,0,0,0,0,0,0,0,0,0,0,0,17,0,0,0,0,0,0,0,0,0,0,0,0,0,0,0,0,0,0,0,0,40,0,0,0,0,0,0,0,0,0,0,0,0,0,0,0,0,0,0,0,0,0,0
0,0,0,0,0,0,4,0,0,49,43,0,0,0,0,0,0,0,0,0,0,0,0,0,0,0,0,0,0,0,0,23,0,0,0,0,41,0,0,0,0,0,25,0,0,0,49,0,13,0,0,0,0,0,44,0,0,3,0,44,0,0,0,0,28,0,0,0,0,1,0,0,0,0,0,0,0,0,45,0,0,0,0,0,1,0,0,5,0,0,0,48,0,0,0,20,0,0,0,7,0,0,0,0,20,0,0,0,0,0,0,18,33,0,0,0,0,0,0,0,36,0,0,0,0,0,0,0,0,0,0,0,0,0,0,0,0,0,0,0,0,47,0,0,0,0,0,0,0,0,0,0,36,0,0,0,50,0,0,0,0,0,0,28,0,0,0,0,0,27,5,0,0,0,25,0,0,0,0,0,0,0,0,0,0,0,0,0,0,0,0,0,0,0,22,0,0,41,0,0
0,0,0,0,0,0,0,0,0,0,0,0,0,0,0,0,0,0,0,0,0,1,0,0,0,0,12,0,0,0,0,0,0,0,0,0,0,0,0,0,0,0,0,0,0,0,0,0,0,0,0,0,0,0,0,0,0,0,0,0,50,38,0,0,0,0,0,0,0,0,0,0,0,0,0,0,0,0,0,0,0,0,0,0,0,0,46,0,0,0,0,0,0,0,0,0,0,0,0,0,0,0,0,0,0,0,0,0,0,0,0,0,0,0,0,0,0,0,0,0,34,0,0,0,0,0,0,14,0,0,0,25,0,0,0,48,0,0,0,0,0,0,0,0,0,0,0,0,45,0,0,0,0,0,0,0,0,0,0,0,0,0,25,0,0,0,0,35,0,0,0,0,0,31,0,0,0,0,26,0,0,0,0,0,0,0,0,0,0,0,0,0,0,0,0,0,0,0,0,0
0,0,0,0,44,0,0,0,0,0,0,0,0,0,0,0,0,0,0,0,0,0,0,0,0,0,0,0,0,0,1,9,0,0,0,0,0,0,0,46,0,46,0,0,0,0,0,34,43,44,0,0,0,0,0,0,0,0,0,0,0,0,0,0,0,0,0,0,0,0,0,12,0,0,0,0,0,0,36,0,0,0,0,0,0,0,0,0,37,0,0,10,0,0,0,0,0,0,0,0,0,0,0,0,0,0,0,0,0,0,0,0,0,0,0,0,0,0,32,43,0,0,0,0,0,0,30,0,0,0,23,0,0,0,0,0,0,0,0,0,0,0,0,0,0,0,0,0,0,0,0,0,0,0,0,0,0,0,0,26,0,0,0,0,49,0,0,0,0,0,0,0,40,0,0,21,0,0,0,0,0,38,0,0,0,0,0,0,0,0,0,0,0,0,0,0,0,0,0,29
0,0,0,0,0,0,24,0,0,16,0,0,0,0,0,29,0,0,0,0,0,48,0,0,0,28,18,0,0,0,0,0,0,0,0,0,35,0,0,0,0,0,46,0,0,0,46,0,0,0,0,20,0,0,41,0,0,10,2,0,0,0,0,0,0,0,45,0,0,18,0,0,0,0,0,0,47,0,0,0,0,1,0,0,0,0,25,0,0,0,0,48,0,16,38,0,0,0,0,4,31,0,0,0,48,0,0,0,34,0,0,0,0,0,0,0,0,0,0,0,0,26,0,0,0,0,0,0,0,0,0,14,0,0,0,0,20,0,0,0,0,0,0,0,7,0,9,0,0,0,0,0,0,0,0,0,0,0,0,0,0,0,20,45,0,0,38,0,0,40,40,0,0,32,0,0,0,0,0,0,0,0,0,0,0,0,39,0,43,0,0,0,0,0,29,0,0,22,0,0
0,0,0,0,0,0,0,0,0,0,0,0,0,0,0,0,0,0,0,0,0,0,17,0,20,0,0,0,0,0,0,0,0,0,0,0,0,0,0,0,32,0,0,0,0,0,0,0,0,0,0,0,32,33,0,0,0,0,0,0,0,0,0,0,0,0,0,0,0,0,0,0,0,0,0,0,0,0,0,0,18,0,48,0,0,27,0,0,0,0,0,0,32,0,0,0,0,0,0,0,0,0,0,0,0,0,0,0,0,0,0,0,0,0,0,0,0,9,0,0,0,0,0,0,0,0,0,0,0,0,0,0,0,0,0,0,0,0,0,0,16,0,41,0,0,0,0,0,0,0,0,0,0,0,0,0,0,0,0,0,0,41,0,0,0,0,0,0,2,0,0,0,0,0,0,0,0,0,0,0,34,0,25,0,0,0,0,0,0,0,0,0,0,0,0,0,0,0,0,0
0,0,0,50,0,0,0,0,0,0,0,0,0,0,0,0,0,0,0,0,0,0,0,0,35,0,0,0,0,0,0,0,0,0,0,0,0,0,0,0,0,0,0,0,0,0,0,0,0,0,26,0,0,0,0,0,0,0,0,0,0,0,0,0,0,0,0,0,0,0,0,0,0,0,1,0,0,0,0,0,0,0,0,0,0,6,0,0,0,0,46,0,9,0,0,0,0,0,0,0,0,0,0,0,0,0,0,0,0,0,0,0,0,0,0,0,0,0,0,0,0,0,0,0,0,0,0,0,0,1,0,0,0,0,49,0,0,9,0,0,14,0,46,0,0,0,0,0,0,0,0,0,0,0,0,0,0,0,0,0,0,22,0,0,0,0,0,0,19,0,0,0,0,0,0,0,0,0,0,0,0,0,0,0,0,0,0,0,0,0,0,0,0,0,0,0,0,0,0,0
0,0,0,0,0,0,35,0,0,0,23,0,0,0,0,32,0,0,0,0,0,0,0,0,0,0,0,0,0,0,0,0,0,0,0,0,6,0,0,23,0,0,25,0,0,0,9,0,35,4,0,0,0,0,0,0,0,0,0,37,0,0,0,0,44,0,0,0,0,40,0,0,0,0,0,0,0,3,0,0,0,0,0,0,0,0,35,50,0,0,0,0,0,0,0,0,0,0,0,0,30,0,0,0,0,0,0,0,0,0,0,0,1,0,0,0,13,0,0,10,18,0,0,0,0,0,0,0,0,0,0,20,0,0,0,0,16,0,0,0,0,0,0,0,27,0,0,0,0,0,0,0,46,0,0,0,35,0,0,0,0,0,0,0,0,0,0,0,0,0,4,0,43,0,11,25,0,0,0,0,0,0,0,0,0,0,0,0,0,0,0,0,0,0,0,0,0,0,0,0
0,0,38,0,0,0,0,0,0,0,0,0,0,0,0,0,0,0,0,0,9,0,0,0,0,0,0,0,16,0,0,0,0,31,0,0,0,0,0,0,0,0,0,0,0,0,0,0,0,0,0,0,50,0,0,0,0,0,0,0,0,0,0,0,0,0,0,0,0,0,0,0,0,0,0,0,0,0,0,0,8,0,40,0,0,0,0,0,0,0,0,0,0,0,0,0,0,0,0,0,0,0,0,0,0,0,0,0,0,0,0,0,0,0,0,0,0,0,0,0,0,0,0,0,0,26,0,0,0,0,0,0,0,0,45,0,0,0,47,0,50,0,0,0,0,0,0,0,0,0,0,0,0,0,0,0,0,0,0,0,33,0,0,0,0,0,0,0,6,0,0,0,0,0,0,0,0,0,0,0,30,0,0,28,0,0,0,0,0,0,0,0,0,0,0,0,0,0,20,0
0,0,0,0,0,0,0,0,46,0,0,0,0,0,0,0,0,0,12,0,38,0,0,0,0,0,0,0,0,0,0,0,0,0,44,0,0,4,32,0,0,0,0,0,0,0,0,0,0,0,0,0,45,0,0,0,0,0,37,0,0,0,0,0,0,0,0,0,0,0,0,0,32,0,0,0,0,0,0,0,0,0,0,0,0,45,0,0,0,19,7,0,42,0,0,0,0,0,0,0,0,0,0,30,0,0,0,0,0,0,0,0,0,0,0,20,0,18,0,0,0,0,47,0,0,10,0,0,0,0,0,0,0,0,0,0,0,38,0,0,0,0,38,0,0,0,16,0,0,0,0,22,0,49,0,0,0,0,0,0,0,0,0,0,0,0,0,0,38,0,0,0,0,0,0,0,0,0,0,3,0,0,0,0,0,0,18,0,42,0,0,0,0,0,0,0,0,0,0,0
0,0,0,0,0,0,0,0,0,0,0,0,0,0,0,0,29,0,0,0,39,0,0,0,0,0,0,16,0,0,0,0,0,0,25,0,0,0,7,0,0,0,0,0,0,0,0,0,0,0,0,38,0,0,0,0,0,0,0,0,16,18,40,0,0,0,0,21,0,0,0,0,4,0,0,0,27,0,0,0,0,0,0,0,0,0,0,0,0,0,0,0,0,0,0,0,0,0,0,0,0,0,0,5,0,0,0,0,9,0,0,0,0,0,0,0,0,0,0,0,0,0,0,0,0,0,0,0,0,0,0,0,0,0,0,0,0,0,0,0,0,0,0,0,0,0,0,0,0,0,0,0,0,0,0,0,0,0,37,0,0,0,0,0,0,0,18,0,0,0,0,0,0,0,0,0,0,0,40,0,0,0,0,0,0,0,0,0,0,0,0,0,0,0,0,0,0,0,0,0
0,7,0,0,0,0,0,47,0,0,0,0,0,0,0,0,0,0,42,0,0,0,0,0,0,0,0,0,0,0,0,44,16,0,0,0,0,6,0,0,0,0,0,35,0,0,0,0,13,0,0,0,0,38,0,0,0,0,0,22,0,0,0,0,0,29,0,0,0,0,0,0,0,0,0,0,0,8,0,27,19,0,0,0,0,0,0,0,0,0,0,0,0,0,0,0,0,46,0,0,0,0,0,0,0,44,0,0,0,0,0,0,0,0,0,0,0,0,0,0,0,0,0,0,15,0,0,0,0,0,0,0,0,0,0,0,0,0,37,10,0,0,0,0,0,27,0,0,0,0,0,0,0,0,0,0,0,45,0,0,0,0,0,0,0,0,0,0,0,0,0,2,0,0,0,0,0,0,0,0,0,0,0,0,0,0,0,35,0,0,0,0,0,0,0,0,0,0,0,0
0,0,40,0,0,0,3,0,23,0,26,0,44,40,0,40,0,0,16,0,0,0,0,0,0,42,0,0,30,0,0,0,0,0,0,0,19,0,0,28,0,0,6,0,0,0,0,0,28,0,0,0,0,12,0,0,0,0,13,0,0,0,29,0,0,33,0,41,0,0,0,0,0,0,0,0,0,0,0,0,0,0,0,0,0,0,0,0,0,0,0,0,0,13,0,47,0,9,0,3,0,18,0,42,0,0,0,0,0,10,0,0,0,40,0,0,0,18,0,40,0,10,0,0,0,0,0,0,0,0,0,50,0,0,0,0,24,0,0,12,0,0,0,0,0,0,0,0,3,0,28,0,37,0,0,0,0,0,0,0,17,0,0,45,0,43,0,0,0,0,0,0,0,0,0,0,0,0,0,0,0,22,0,0,0,0,0,0,41,0,0,0,0,50,17,0,0,0,0,41
0,38,0,0,0,0,0,11,0,10,0,0,0,0,0,11,0,0,0,0,0,0,0,0,0,0,0,0,0,0,0,21,8,0,0,0,0,44,0,0,0,45,0,4,0,0,0,46,0,0,0,0,0,0,0,38,0,0,0,0,0,0,0,0,0,45,0,0,0,0,0,0,0,0,0,0,0,21,41,41,0,0,0,0,0,0,0,0,0,0,0,0,0,0,0,0,0,0,0,0,0,0,0,0,0,32,0,0,0,0,0,0,0,0,0,20,0,0,0,14,0,0,0,0,8,0,0,0,0,0,0,0,0,0,0,0,0,0,0,0,0,0,0,0,0,24,0,0,0,0,0,0,0,0,0,0,0,28,0,0,0,0,0,0,20,0,0,0,0,0,0,16,0,0,0,0,0,19,0,0,0,0,0,0,0,0,0,0,0,0,0,0,0,0,0,0,0,0,0,0
0,0,11,0,0,0,0,0,0,0,20,0,47,0,0,0,0,0,1,0,38,0,0,0,0,0,0,0,0,0,0,0,0,0,42,0,34,16,0,0,0,0,20,0,30,0,30,0,0,0,0,0,0,0,0,0,0,0,0,0,0,17,17,0,0,0,0,0,0,0,0,0,0,0,0,0,34,0,0,0,0,0,0,0,0,0,0,0,0,0,0,0,0,0,0,0,0,0,34,43,0,0,0,46,0,0,26,0,0,0,0,0,0,0,0,0,0,23,0,0,0,48,21,25,0,0,0,0,0,0,0,0,0,0,0,0,0,0,0,0,0,0,0,0,0,0,0,0,36,0,0,29,0,0,0,0,0,0,0,0,2,0,0,0,0,35,0,0,0,33,0,0,0,0,0,0,0,0,0,0,0,0,0,0,20,0,0,0,0,0,0,0,16,0,0,0,0,0,0,0
0,6,0,0,0,0,0,20,0,0,0,0,0,0,0,0,0,0,0,0,0,0,0,0,0,0,0,0,0,0,0,4,0,0,0,0,0,0,0,50,0,5,0,30,0,0,0,0,27,0,0,0,0,0,0,0,0,0,0,0,0,0,0,31,0,0,0,0,0,0,0,0,0,0,0,0,0,28,0,42,0,0,0,0,0,0,0,0,0,0,0,0,0,0,0,0,0,38,0,0,0,0,13,0,0,44,0,0,0,0,0,0,0,0,0,0,0,0,0,0,0,0,0,0,0,0,0,0,0,0,0,0,0,0,0,0,0,0,0,2,0,0,0,0,0,32,0,0,0,50,0,0,0,0,0,0,0,41,0,49,0,0,0,0,0,0,0,0,0,0,0,0,0,0,0,0,0,0,0,0,0,0,0,0,0,30,0,10,0,0,3,0,0,0,0,0,0,0,0,0
0,0,0,0,0,0,0,0,0,0,0,26,0,0,0,0,0,5,19,0,0,0,0,0,0,0,0,0,0,0,0,0,18,0,0,0,0,22,0,0,12,0,0,0,0,0,0,0,0,0,0,0,0,0,0,36,0,0,0,0,0,0,0,41,0,0,0,0,0,0,0,0,0,0,0,0,0,0,0,0,30,0,0,0,0,0,0,0,0,0,0,0,0,0,0,0,0,0,0,0,0,0,0,0,0,49,0,15,0,0,0,0,0,42,0,0,0,0,0,0,0,0,0,0,0,31,0,0,0,0,0,0,0,20,0,0,0,0,30,29,0,0,0,0,0,0,0,0,0,0,0,0,0,0,0,0,0,0,0,27,0,0,0,0,0,0,0,0,0,0,0,0,0,0,0,0,0,0,0,0,0,0,0,0,0,3,0,32,0,0,0,0,0,0,0,0,0,0,0,37
0,0,0,0,0,0,0,0,0,0,0,0,0,0,0,0,0,0,0,0,0,0,0,0,0,0,0,0,0,0,0,0,0,0,0,0,0,0,0,0,0,36,0,14,0,50,0,0,0,0,0,0,0,0,0,0,0,0,0,0,0,0,0,0,0,0,0,0,0,0,0,28,0,0,0,0,0,0,0,0,0,0,0,0,0,0,0,0,25,0,0,0,0,0,0,0,0,0,0,0,0,0,0,0,0,0,0,0,0,0,0,0,0,0,0,0,0,0,12,0,0,0,0,0,0,0,35,0,0,0,0,0,0,0,0,0,0,0,0,0,0,0,0,0,0,0,0,0,0,0,0,0,0,0,0,0,0,0,0,0,0,0,0,0,0,0,0,0,0,0,0,0,0,0,28,0,0,25,0,0,0,0,0,0,0,0,0,0,0,0,0,0,0,0,0,0,0,0,0,0
0,0,0,0,0,0,0,0,0,0,0,0,0,0,0,0,30,0,0,0,0,26,0,0,0,0,0,26,0,0,0,0,0,0,38,0,0,0,0,0,0,0,0,0,45,0,0,0,0,0,0,0,0,0,0,0,0,0,31,0,50,0,25,0,0,0,0,38,0,0,0,0,0,0,0,0,2,0,0,0,0,0,0,0,0,0,0,0,0,48,0,0,0,0,0,0,0,0,18,0,0,35,0,15,0,0,15,0,43,0,0,0,0,0,35,0,0,0,0,0,0,0,0,0,0,0,0,0,0,0,0,0,0,0,0,23,0,0,0,0,0,0,0,7,0,0,0,0,34,0,4,0,0,0,0,0,0,0,0,0,0,0,20,0,0,39,0,0,0,0,0,0,0,0,0,0,0,0,9,0,0,0,0,0,42,0,0,0,0,0,0,0,0,0,0,0,0,0,0,0
0,0,0,0,0,0,46,0,0,0,0,0,0,44,0,0,0,0,0,0,0,0,0,0,0,0,0,0,0,0,0,0,0,0,0,0,0,0,0,0,0,0,11,0,0,0,38,0,16,0,0,0,0,0,41,0,0,23,0,11,0,0,0,0,0,0,49,0,0,0,0,0,0,0,0,47,0,45,34,0,0,0,0,0,24,0,0,0,0,0,0,0,0,0,0,0,0,12,0,44,0,0,0,0,32,0,0,0,0,0,0,0,38,0,0,0,0,0,0,44,4,0,0,0,0,0,0,45,0,0,32,34,0,0,0,0,0,0,0,0,0,22,0,0,21,0,0,0,0,0,0,0,0,0,0,0,0,0,0,0,0,0,0,0,0,0,0,0,0,30,19,0,0,28,35,43,0,14,40,0,0,50,0,0,0,0,0,0,0,0,0,0,0,0,16,13,0,0,0,0
0,0,0,0,0,50,0,0,0,45,0,0,12,0,0,9,0,0,0,0,0,0,0,0,0,0,48,0,0,0,13,0,0,0,0,0,0,0,0,0,0,0,14,0,0,0,1,0,0,30,0,0,0,0,21,0,0,37,0,0,0,31,38,0,0,0,34,0,0,14,0,0,0,0,0,0,0,0,0,0,0,1,0,0,0,0,0,3,0,0,0,7,0,35,0,0,0,0,0,21,0,0,0,0,0,0,0,0,0,0,0,0,2,0,0,0,47,0,0,0,0,0,0,2,0,0,0,7,0,0,0,7,0,0,0,0,28,0,0,0,0,0,0,0,0,0,0,0,10,0,0,0,36,2,0,0,35,0,38,0,0,0,14,8,0,40,0,0,0,22,0,0,0,23,0,0,0,0,0,0,0,23,0,0,0,0,0,0,0,0,0,0,0,0,0,45,0,0,0,0
0,0,0,0,0,0,0,0,0,0,18,0,0,0,0,0,0,0,0,0,0,0,0,22,0,0,42,0,0,0,0,0,0,0,0,0,0,0,0,0,0,0,0,0,0,0,23,0,0,0,0,0,0,0,0,0,0,0,0,0,0,35,0,0,0,0,10,0,0,0,0,0,0,0,0,44,0,0,0,0,0,30,0,0,37,0,0,0,0,0,0,35,0,0,47,22,0,0,18,0,10,0,0,0,0,0,0,0,0,0,0,1,20,0,38,0,0,0,0,0,0,13,0,19,0,0,0,0,0,0,0,0,0,0,0,24,0,0,0,0,0,1,0,0,0,0,0,0,0,0,0,0,0,0,0,0,22,0,0,0,0,0,37,0,0,0,0,0,0,0,0,0,0,20,0,33,35,0,33,0,0,0,0,0,0,0,0,0,0,0,0,0,0,0,0,0,0,0,0,0
6,0,0,0,0,0,0,0,0,0,0,0,0,0,0,0,0,0,0,10,0,0,0,0,0,0,0,0,0,0,0,0,0,0,0,0,0,0,0,0,19,0,0,0,0,0,0,0,0,0,0,0,0,0,0,0,25,0,0,0,0,0,0,0,0,0,0,0,0,0,45,0,0,35,0,0,0,0,0,0,8,0,0,17,0,0,0,0,0,0,0,0,0,0,0,0,33,0,0,0,0,0,0,0,0,0,0,3,0,0,0,0,0,0,0,41,0,0,0,0,0,0,0,0,0,0,0,0,0,0,0,0,0,0,0,0,0,0,0,0,0,0,0,0,0,0,0,0,0,0,0,0,0,0,0,0,0,0,0,0,0,0,0,0,0,0,0,0,0,0,0,18,0,0,0,0,0,0,0,0,0,0,0,0,0,0,0,0,0,0,28,0,0,0,0,0,0,0,0,0
0,0,0,0,0,10,0,0,0,0,49,0,27,0,0,0,0,0,0,0,0,37,0,0,0,0,50,0,0,0,0,0,0,0,0,0,25,0,0,0,0,0,15,0,0,0,0,0,0,0,0,0,0,0,0,0,0,3,0,0,0,26,0,0,22,0,0,0,0,43,0,0,0,0,0,17,0,0,24,0,0,0,0,0,0,0,0,0,0,0,0,25,0,0,0,32,0,0,0,39,17,0,0,0,40,0,0,0,0,0,0,0,0,0,0,0,32,0,0,28,0,14,0,0,0,0,0,0,0,0,13,0,0,0,0,0,0,0,0,0,0,0,0,0,0,0,0,0,0,0,0,0,18,0,0,0,27,0,0,0,0,0,6,7,0,0,0,0,0,0,8,0,0,10,0,0,2,0,0,0,0,8,0,0,0,0,0,0,0,0,0,0,0,15,32,12,0,0,0,0
0,0,0,0,0,0,0,0,41,0,0,0,0,0,0,0,0,0,0,0,50,0,0,0,48,0,0,1,0,0,0,0,0,40,10,0,0,0,26,0,0,0,0,0,0,0,0,0,0,0,0,0,50,0,0,0,0,0,0,0,0,0,0,0,0,0,0,0,0,0,0,0,19,0,0,0,0,0,0,0,0,0,50,0,0,26,0,0,0,0,0,0,27,0,0,0,0,0,0,0,0,0,0,0,0,0,0,0,0,0,0,0,0,0,0,0,0,0,0,0,0,0,33,0,0,0,0,0,0,0,0,0,0,0,0,0,0,0,0,0,0,0,0,0,0,0,0,0,0,0,0,16,0,0,0,0,0,0,0,0,5,0,0,0,0,0,0,0,0,0,0,0,0,0,0,0,0,0,0,0,2,0,0,0,0,0,0,0,0,0,0,0,0,0,0,0,0,0,0,0
0,14,0,0,0,0,0,0,0,36,0,0,0,16,0,14,0,0,28,0,0,0,0,0,0,0,0,0,0,0,0,0,0,0,0,0,0,11,0,14,0,35,0,0,0,25,0,48,25,0,0,0,0,0,0,43,0,0,0,39,0,0,0,0,0,0,0,0,0,29,0,0,0,0,0,0,0,3,40,6,0,0,0,0,0,0,0,0,0,0,0,0,0,0,0,0,0,0,0,0,0,0,33,0,0,5,0,0,0,0,0,0,0,32,0,0,0,0,0,9,0,0,0,0,0,0,0,0,0,0,0,0,0,0,0,0,0,0,0,0,0,0,0,0,0,27,0,0,0,0,0,0,0,0,0,0,0,0,0,0,0,0,0,0,2,0,0,0,0,0,0,0,0,0,0,0,0,0,0,0,0,31,0,0,0,28,0,42,0,10,0,0,0,0,0,0,0,0,0,0
