200,0.3,30,47,21,4604
0,0,0,0,0,0,0,0,0,0,0,0,0,0,0,0,0,0,0,13,0,0,0,0,0,0,0,0,0,0,12,0,0,0,0,18,25,0,0,0,0,0,0,0,0,0,0,0,0,0,0,0,0,0,0,0,0,0,0,0,0,0,0,0,0,0,0,0,0,0,0,0,0,0,0,0,0,0,0,0,0,14,0,0,0,0,0,0,0,0,0,0,0,0,0,0,0,0,0,0,0,0,0,14,7,0,0,0,0,0,0,0,0,0,0,0,0,0,0,0,0,0,0,0,0,0,0,0,0,0,0,0,0,0,0,0,0,0,0,0,0,0,0,0,0,0,0,0,0,18,0,0,0,0,0,0,0,0,0,0,0,0,0,0,0,0,0,0,0,0,0,0,0,0,0,0,0,6,0,0,0,0,0,0,0,21,0,7,0,0,0,0,0,0,0,0,0,0,0,0
0,0,0,0,0,0,22,0,0,0,0,0,0,0,0,0,0,0,12,0,0,0,0,0,0,0,0,0,17,0,0,0,0,0,0,0,0,0,0,0,0,0,0,0,0,0,0,0,0,0,0,0,0,0,0,0,0,0,0,0,0,0,0,0,0,0,0,0,0,0,0,0,0,0,0,0,0,0,0,0,0,0,0,0,0,0,0,0,0,0,0,0,0,0,20,0,25,0,0,0,0,0,0,0,0,0,0,0,0,0,0,0,0,0,0,0,0,0,0,0,0,0,0,30,0,0,0,27,11,0,0,0,0,0,0,0,0,0,0,0,0,0,12,0,0,0,13,0,0,0,2,0,0,0,0,0,0,0,0,0,0,0,0,0,0,0,0,0,6,0,0,0,0,0,0,0,21,0,0,16,0,0,0,0,0,11,0,16,0,0,0,0,8,0,0,0,0,0,0,0
25,25,0,0,0,0,4,0,0,0,0,0,0,0,0,0,0,0,0,0,0,0,0,0,0,0,0,0,0,0,9,0,0,0,0,0,24,0,0,0,0,0,0,0,0,0,0,0,0,0,0,0,0,0,0,17,0,16,0,0,20,0,0,0,0,0,0,0,0,0,0,0,0,0,0,0,0,0,0,0,0,0,0,0,0,0,0,0,0,0,0,0,0,0,0,0,0,0,0,0,0,0,0,24,0,0,0,0,0,0,0,0,0,0,0,0,0,0,0,0,0,0,0,0,0,0,0,0,0,0,0,0,0,0,0,0,0,0,0,0,0,0,0,0,0,0,0,0,0,0,0,0,0,0,0,0,0,0,0,0,0,0,0,0,0,20,0,0,10,0,0,0,0,0,0,0,5,0,0,0,0,0,0,0,0,15,0,6,0,15,0,0,0,0,0,0,0,0,0,0
0,26,11,0,0,0,0,0,0,0,2,0,0,0,0,26,0,0,14,23,0,0,0,4,0,0,0,0,6,0,0,0,0,0,0,0,0,0,0,0,0,0,0,0,0,0,0,0,0,0,0,0,0,0,0,0,0,18,0,0,29,0,0,0,0,0,0,0,0,2,0,0,0,22,0,0,0,0,0,0,0,0,0,0,0,0,10,0,0,0,0,0,0,0,0,0,0,0,0,0,0,0,0,0,0,0,0,0,0,0,0,0,0,0,0,0,0,0,0,0,0,0,0,0,0,0,0,0,0,0,6,0,0,0,0,0,0,0,0,0,0,0,23,0,0,0,8,15,0,0,0,0,0,0,0,0,0,0,0,0,0,0,0,0,0,0,0,0,0,0,0,0,0,0,0,0,2,0,0,0,0,0,0,0,0,26,0,0,0,0,4,0,0,0,0,13,0,0,0,0
0,0,0,0,0,0,0,0,2,0,0,0,0,0,0,0,9,0,0,0,0,0,0,0,0,0,0,0,0,30,0,0,0,7,0,0,0,0,0,18,0,0,0,0,10,0,0,0,0,21,28,1,0,0,0,0,0,0,0,0,0,0,0,0,0,11,0,0,30,0,0,0,0,0,0,0,0,0,0,0,0,0,0,0,0,0,0,0,24,0,0,0,0,0,0,0,0,0,0,0,0,0,0,0,0,0,0,0,0,0,0,0,0,0,0,0,0,28,0,0,0,0,0,0,0,0,0,0,0,0,0,0,7,0,0,0,0,0,0,0,30,7,0,0,0,0,0,0,0,0,0,0,25,0,0,0,0,19,0,0,0,6,0,0,14,0,0,0,0,0,0,28,0,0,0,30,0,0,0,0,0,7,0,0,0,0,0,0,0,0,0,0,0,0,0,0,0,0,0,0
0,0,0,0,0,0,0,22,0,0,0,0,0,0,0,0,0,0,0,0,10,0,0,0,18,0,0,6,0,0,0,0,0,0,0,0,0,4,0,0,0,0,0,0,0,0,20,0,0,0,0,0,0,23,1,0,25,0,0,0,0,26,0,0,0,0,0,0,0,0,21,30,0,0,0,0,0,0,0,23,0,0,0,0,0,0,0,0,0,0,0,0,0,0,0,0,0,0,0,0,20,14,28,0,0,0,0,0,0,0,0,0,3,29,18,0,0,0,21,0,0,0,0,0,0,0,0,0,0,0,0,0,0,0,3,0,0,0,0,0,0,0,0,0,0,0,0,0,9,0,0,12,0,0,0,0,0,0,18,25,0,0,0,0,0,0,0,0,0,0,0,0,0,0,0,0,0,10,0,0,0,0,0,0,0,0,0,0,0,0,0,2,0,0,0,0,0,0,28,0
0,0,0,4,0,0,0,0,0,0,0,0,0,0,0,0,0,23,9,15,0,0,0,0,0,0,0,0,0,0,0,0,0,0,0,8,0,0,0,0,0,0,0,0,0,0,0,0,21,0,0,0,0,0,0,9,0,5,0,0,10,0,28,0,0,0,0,0,0,1,0,0,0,23,0,22,12,0,0,0,0,7,0,0,0,0,0,0,0,0,0,0,0,0,0,0,1,0,0,0,0,0,30,2,0,0,0,0,0,0,0,0,0,0,0,0,0,0,0,0,0,0,0,29,0,0,0,7,0,0,0,0,0,0,0,0,0,0,0,0,0,0,2,0,0,0,27,0,0,0,0,0,0,0,0,0,0,0,0,0,0,0,0,0,0,0,0,0,24,0,0,0,0,17,0,0,26,15,0,30,0,0,0,0,0,0,0,7,0,27,0,3,0,0,0,0,0,0,6,0
0,0,0,0,0,0,0,0,0,0,0,18,0,0,0,0,0,0,0,0,29,0,0,0,10,0,3,0,0,0,0,0,0,0,0,3,26,0,0,0,0,0,0,0,0,0,0,0,0,0,0,0,0,0,0,26,2,0,0,0,0,0,0,0,0,0,0,0,0,0,0,20,0,0,0,0,0,0,0,4,0,0,0,0,12,0,0,0,0,0,0,0,0,0,0,0,0,0,0,0,17,0,0,0,0,0,0,0,0,0,0,0,26,0,9,0,0,0,0,0,0,9,0,19,0,0,0,19,0,13,0,0,0,0,0,0,0,0,0,15,0,0,0,0,0,0,0,0,0,0,0,0,0,0,0,0,0,0,14,24,0,0,0,0,0,14,16,0,0,0,0,0,0,28,0,0,0,0,0,0,0,0,0,0,0,0,0,0,0,0,0,14,0,0,0,0,0,0,0,0
0,0,0,0,0,0,0,0,0,0,0,0,30,0,0,0,0,0,0,0,0,0,0,0,0,0,0,0,0,0,0,0,0,0,0,0,0,0,0,0,8,17,1,0,7,0,0,0,0,0,12,0,14,0,0,0,0,0,16,0,0,0,0,0,0,0,5,19,0,0,0,0,0,0,12,0,0,22,0,0,0,0,0,0,0,0,0,0,0,0,23,12,0,0,0,0,0,0,0,0,0,0,0,0,0,0,25,0,0,0,0,18,0,0,0,13,0,0,0,0,0,0,0,0,0,0,0,0,0,0,0,0,0,0,0,0,0,0,10,0,0,0,0,4,0,0,0,0,0,0,0,0,0,0,12,0,0,0,0,0,0,0,18,0,0,0,0,0,0,0,0,0,0,0,0,13,0,0,18,0,17,0,0,0,0,0,0,0,0,0,0,0,0,0,0,0,0,0,0,25
0,0,0,0,0,0,0,0,1,0,0,0,0,0,0,0,0,0,0,0,0,0,0,0,0,0,0,0,0,0,0,7,0,0,0,0,0,0,8,0,0,1,0,21,0,11,0,0,0,0,0,0,0,0,0,0,0,0,2,0,0,0,0,0,0,0,0,0,0,0,0,0,0,0,18,0,0,0,0,0,0,0,0,0,0,11,0,0,0,0,29,0,0,10,0,0,0,0,0,0,0,0,0,0,0,0,0,0,0,7,0,0,0,0,0,3,0,21,0,0,0,0,0,0,5,0,16,0,0,0,0,0,0,0,0,0,0,0,26,0,27,0,0,8,0,0,0,0,0,0,0,0,0,0,9,0,0,0,0,0,0,0,0,0,0,0,0,0,0,0,0,0,0,0,0,0,0,0,0,0,0,0,0,0,0,0,0,0,19,0,0,0,0,0,26,0,0,0,0,0
0,12,0,0,0,0,15,0,0,0,0,0,0,15,0,0,0,21,0,8,0,0,0,2,0,0,0,0,0,17,0,0,0,0,0,0,10,0,0,0,0,0,0,0,0,0,0,0,20,6,0,0,0,4,0,22,0,3,0,0,0,0,17,14,0,0,0,0,0,18,0,0,0,14,0,8,0,6,0,0,0,0,0,0,0,0,5,0,0,0,0,0,0,0,23,0,0,0,0,0,0,0,0,0,0,0,0,21,0,0,0,0,0,5,0,0,0,0,0,0,0,21,0,0,0,0,0,0,15,0,8,0,0,23,0,0,0,0,0,0,0,0,0,0,4,0,0,21,0,0,21,0,0,1,0,0,0,19,0,0,0,0,0,13,0,0,0,0,0,8,0,0,0,5,0,0,0,10,0,0,0,0,0,0,0,0,0,0,0,15,0,0,2,0,0,0,0,0,0,0
0,0,0,0,0,18,0,0,0,0,0,0,0,0,21,0,0,0,0,0,8,0,0,0,0,0,1,8,0,0,0,0,0,0,0,0,22,0,0,0,0,0,0,0,0,0,0,0,0,0,0,0,0,25,0,0,0,0,0,0,0,0,0,0,0,0,0,0,0,0,0,0,0,0,0,0,22,0,0,0,0,0,0,0,0,0,0,0,0,0,0,0,0,0,0,0,0,25,0,0,5,23,0,0,0,0,0,0,0,0,0,0,0,0,0,0,9,0,0,0,0,0,11,11,0,0,0,0,0,29,0,0,0,0,0,0,0,0,0,18,0,0,0,0,0,0,0,0,28,0,0,0,0,0,0,0,0,0,10,0,8,0,0,0,0,0,0,0,0,0,0,0,0,3,0,0,0,0,0,0,0,0,23,0,0,0,18,0,0,0,0,0,0,0,0,0,0,0,0,0
0,0,0,0,24,0,0,0,0,0,0,0,0,0,0,0,2,0,0,0,0,0,27,28,0,0,0,0,0,19,0,0,0,4,0,0,0,0,0,7,0,0,0,24,0,0,0,0,0,4,0,30,27,0,0,0,0,0,0,0,0,0,1,0,0,0,0,0,0,0,0,0,0,0,0,0,0,0,0,0,0,0,0,0,0,0,0,0,0,0,0,9,0,0,0,0,0,0,0,0,0,0,0,0,0,0,0,3,0,0,0,2,0,0,0,0,0,0,0,0,0,0,0,0,0,12,21,0,0,0,0,0,15,0,0,0,0,0,0,0,25,14,0,18,0,0,24,0,0,0,0,0,0,26,0,0,0,0,0,0,0,0,0,0,1,0,0,0,0,16,0,0,0,0,0,3,0,0,0,0,16,7,30,0,0,0,0,0,0,0,0,0,0,0,0,0,0,0,0,0
0,0,0,0,27,0,24,0,0,0,0,0,12,0,0,0,0,0,0,0,0,0,0,0,0,0,0,22,0,21,0,0,0,27,0,0,0,0,0,0,0,0,0,0,27,0,0,0,28,10,0,5,1,0,0,6,0,0,0,0,20,0,0,0,20,0,0,6,28,12,0,0,0,0,0,0,0,0,0,27,0,0,0,0,0,0,0,0,0,0,0,0,0,0,0,0,0,0,0,0,0,0,13,0,0,0,0,27,0,0,0,0,0,17,0,0,0,0,0,0,0,0,0,18,0,0,0,0,0,0,0,0,0,18,0,0,0,0,0,0,0,27,22,0,1,0,0,9,24,0,0,0,24,29,0,23,0,0,0,0,0,9,0,19,12,1,0,0,0,0,0,0,0,7,0,0,0,0,0,2,0,0,0,0,0,0,0,0,0,0,0,0,18,0,0,0,0,0,0,10
12,0,1,0,0,0,11,8,0,0,24,0,0,0,0,0,0,0,0,9,0,0,0,0,0,0,0,10,0,0,9,0,0,0,0,21,15,0,0,0,0,0,0,0,0,0,0,0,0,0,0,0,0,0,0,20,0,0,0,0,1,0,0,0,0,0,0,0,0,0,27,0,0,1,0,0,0,0,0,0,0,0,0,0,0,0,0,0,0,0,0,0,0,0,0,0,0,11,0,0,0,0,0,0,0,0,0,0,0,0,0,0,0,0,0,0,0,0,0,0,0,0,0,0,0,0,0,27,27,2,0,0,0,0,0,0,0,0,0,0,0,0,0,0,0,0,0,0,0,0,0,17,0,0,0,0,0,0,0,0,0,0,0,0,0,0,0,0,10,0,0,0,0,13,0,0,9,13,0,0,0,0,0,0,0,5,0,14,0,0,0,3,0,0,0,0,3,0,0,0
0,0,0,0,0,0,2,0,0,0,10,0,28,8,0,0,0,14,8,0,0,0,0,0,0,0,0,0,4,0,0,0,0,0,0,0,0,0,0,0,0,0,0,0,8,0,0,0,1,0,0,13,5,8,0,0,0,18,0,0,28,0,0,0,3,0,0,0,0,30,0,0,0,20,0,25,20,7,0,24,0,0,0,0,0,0,9,0,0,0,0,0,0,0,0,0,0,0,0,0,0,0,10,10,0,0,0,0,0,0,0,0,0,8,0,0,0,0,0,0,0,0,0,2,0,0,0,26,0,0,4,0,18,0,0,0,0,0,0,0,0,0,0,0,24,0,0,0,17,0,0,0,0,21,0,6,0,1,0,0,0,0,0,0,0,11,0,0,0,0,0,14,15,0,0,0,0,0,0,0,0,0,25,0,0,0,0,0,0,4,0,0,0,0,0,9,0,0,0,0
0,0,0,0,0,0,0,0,21,7,0,0,0,0,0,0,0,0,0,0,0,0,0,0,0,0,0,0,0,24,0,0,12,20,0,0,0,0,0,0,30,0,0,20,1,0,0,18,0,3,0,0,26,0,0,0,0,0,0,0,0,0,0,0,0,0,1,21,0,0,0,0,0,0,0,0,0,13,0,0,0,0,0,0,0,16,0,0,0,0,11,0,0,0,0,0,0,0,0,0,0,0,0,0,0,15,14,0,8,0,0,0,0,0,0,2,20,27,0,0,8,0,7,0,0,16,21,0,0,0,0,0,0,0,0,30,0,13,0,0,28,29,0,0,0,0,0,0,0,0,0,0,24,0,0,0,0,0,0,0,0,17,0,19,0,0,0,1,0,0,0,0,20,0,0,0,0,0,0,0,0,0,7,0,0,0,0,0,0,0,0,0,0,0,0,0,0,0,0,5
0,0,0,0,0,0,0,0,0,0,0,0,22,16,0,0,0,0,0,0,0,0,0,30,0,0,0,3,2,17,0,0,0,0,0,0,0,0,0,0,0,0,0,0,7,0,0,0,18,0,15,25,21,19,0,1,0,22,0,0,18,0,0,0,0,0,0,7,0,14,0,0,0,0,0,16,6,0,0,0,0,0,0,0,0,0,0,0,0,0,0,30,0,0,0,0,0,0,0,0,0,0,9,28,0,0,0,0,0,0,0,0,0,0,0,0,0,0,17,0,10,0,0,27,0,0,0,0,0,0,0,0,0,0,0,0,0,0,0,0,0,0,0,0,17,0,0,0,0,0,0,0,0,0,0,17,0,21,0,0,0,11,0,0,13,11,0,0,0,3,0,0,0,0,0,0,0,0,0,0,0,0,0,0,0,0,0,0,0,0,0,0,0,0,0,0,0,0,0,0
0,0,0,0,0,0,0,0,0,0,28,0,0,0,0,0,0,0,0,7,0,0,0,6,0,0,0,0,16,0,0,0,0,0,0,0,0,0,0,0,0,0,0,0,0,0,0,0,0,0,0,0,0,0,0,0,0,8,0,0,0,0,0,12,0,0,0,0,0,0,0,0,0,0,0,0,0,0,0,0,0,0,0,0,0,0,0,0,0,0,0,0,0,0,0,0,0,0,0,0,0,0,0,0,0,0,0,0,0,0,0,0,0,0,0,0,0,0,0,0,0,0,0,0,0,0,0,0,0,0,0,0,0,0,0,0,0,0,0,0,0,0,0,0,0,18,0,21,0,0,6,0,0,0,0,0,0,13,0,0,0,0,0,0,13,21,0,0,0,18,0,0,0,0,0,0,0,0,0,25,0,0,0,0,0,0,0,0,0,19,26,0,0,0,0,0,0,0,0,0
0,13,5,0,0,0,0,0,0,0,0,0,0,0,0,18,0,0,0,0,0,0,0,0,0,0,0,0,13,0,16,0,0,0,0,0,0,0,0,0,0,0,0,0,0,0,0,0,0,0,0,0,0,10,0,0,0,0,0,0,0,0,0,0,0,0,0,0,0,0,0,0,0,30,0,0,0,0,0,0,0,16,0,0,0,0,20,0,0,0,0,0,0,0,0,0,21,0,0,0,0,0,0,18,0,0,0,0,0,0,0,0,0,0,0,0,0,0,0,0,0,0,0,10,0,0,0,15,19,0,0,0,0,0,0,0,7,0,0,0,0,0,14,0,0,0,0,0,0,0,18,0,0,0,0,0,0,0,0,0,0,0,0,0,0,0,0,0,1,0,0,0,0,18,0,0,18,0,0,8,0,0,0,0,0,0,0,20,0,16,0,0,0,0,0,0,0,0,0,0
0,0,0,0,0,0,0,0,0,0,0,0,0,0,0,0,0,20,0,0,0,0,0,0,0,0,0,0,0,0,0,0,6,2,0,0,0,8,0,0,0,0,0,0,0,0,0,18,0,0,0,2,0,22,0,28,29,0,0,0,0,0,0,0,0,0,5,0,0,0,0,0,0,0,0,0,24,0,12,20,0,0,0,0,9,0,0,0,0,0,0,0,0,0,0,0,0,9,0,0,0,0,23,0,0,0,0,0,0,0,3,0,0,6,0,0,1,0,7,0,0,0,0,29,0,0,0,0,0,0,0,0,0,0,0,15,0,0,0,0,0,0,0,0,0,0,0,0,6,0,0,0,0,0,0,0,0,0,14,4,4,0,0,1,0,0,0,0,0,0,0,30,0,0,0,0,0,0,0,0,0,0,10,0,0,0,1,0,0,0,0,0,0,0,0,0,0,19,0,0
0,0,0,0,0,0,0,0,0,0,0,0,0,0,0,0,0,0,0,0,0,0,22,27,0,0,0,0,0,0,0,0,0,0,2,0,0,0,0,0,0,0,0,0,0,0,0,0,0,0,0,0,0,0,0,0,0,0,0,0,0,0,0,0,0,5,0,0,0,0,0,0,0,0,0,0,0,0,0,0,0,0,0,0,0,0,0,0,0,0,0,0,29,0,0,0,0,0,0,0,0,0,0,0,0,0,0,0,0,0,0,0,0,0,0,0,0,0,0,0,0,0,0,0,0,0,0,0,0,0,0,20,0,0,0,0,0,0,0,0,0,0,0,0,0,26,0,0,0,0,0,0,0,0,0,0,0,0,0,0,0,0,0,0,0,0,0,0,0,0,1,0,0,0,0,0,0,0,0,0,0,7,0,0,0,0,0,0,0,0,0,0,0,0,0,24,0,0,0,0
0,0,0,0,17,0,0,0,0,0,0,0,0,0,0,0,0,0,0,0,0,0,0,22,0,0,0,0,0,0,0,0,0,0,16,0,0,0,0,3,0,0,0,0,20,0,0,0,0,0,18,0,0,0,0,0,0,0,0,28,0,0,0,0,9,11,0,0,0,0,0,0,0,0,0,0,0,0,0,0,0,0,0,0,0,0,0,0,0,0,0,0,0,0,0,0,0,0,0,0,0,0,0,0,0,0,0,0,0,0,0,0,0,0,0,0,0,0,0,0,0,0,0,0,0,0,0,0,0,0,14,20,0,0,0,0,0,0,0,0,0,19,0,0,28,0,0,0,0,0,0,0,29,12,0,0,0,0,0,0,0,0,0,0,10,0,0,0,0,0,12,0,0,0,0,0,0,0,0,0,0,2,0,0,25,0,0,0,0,0,19,0,0,0,0,0,0,0,0,0
0,0,0,0,14,0,0,0,0,0,0,0,0,11,0,7,0,0,0,0,0,0,0,0,0,0,0,0,0,5,0,0,0,0,0,0,0,0,0,30,0,0,0,0,0,0,0,0,12,3,27,5,0,0,0,0,0,0,0,0,0,0,0,0,18,0,0,5,1,2,0,0,0,0,0,0,0,20,0,0,0,0,0,0,0,0,21,0,0,0,0,0,24,0,0,0,0,0,0,0,0,0,0,0,0,0,0,0,0,0,0,0,0,0,0,0,0,0,0,0,0,0,0,0,0,0,0,0,0,0,18,15,5,5,0,0,0,0,0,0,0,0,0,0,0,0,0,0,0,0,0,0,25,28,0,16,0,0,0,0,0,0,0,0,0,0,0,0,0,0,0,19,0,0,0,0,0,0,0,24,0,0,0,0,0,0,0,0,0,0,0,0,28,0,0,0,0,0,0,13
0,0,0,0,0,0,0,0,0,0,0,20,0,0,0,0,0,0,0,0,14,0,0,0,0,0,0,0,0,0,0,0,17,0,0,0,0,0,0,0,0,0,0,0,0,0,30,0,0,0,0,0,0,0,0,0,19,0,0,0,0,6,0,0,0,0,0,0,0,0,15,0,0,0,0,0,0,0,0,1,0,0,15,0,25,0,0,0,0,0,0,0,0,0,0,0,0,17,0,0,0,0,0,0,0,0,0,0,0,0,0,0,29,19,25,0,16,0,2,23,0,0,21,0,0,0,0,0,0,0,0,0,0,0,27,0,0,0,0,0,0,0,0,0,0,0,0,0,20,0,0,0,0,0,0,0,0,0,20,25,13,0,0,0,0,0,0,0,0,0,0,0,0,0,0,0,0,0,0,0,0,0,0,0,0,0,0,0,0,0,0,0,0,0,0,0,0,0,0,0
0,0,0,0,0,0,0,0,0,0,0,0,0,0,0,0,12,0,0,0,0,0,0,0,0,0,0,0,0,0,0,0,26,0,0,0,0,0,0,0,12,0,18,0,0,0,0,2,0,0,0,0,0,0,0,0,0,0,3,0,0,0,0,0,0,0,3,0,0,0,0,0,0,0,0,0,0,0,0,0,0,0,0,10,0,3,0,0,0,0,0,0,0,6,0,0,0,0,0,0,0,0,0,0,0,0,0,0,0,0,5,0,0,0,0,28,25,0,0,0,0,0,0,0,0,0,0,0,0,0,0,0,0,0,0,11,0,0,29,0,0,0,0,0,0,0,0,0,0,0,0,0,0,0,0,0,0,0,0,0,22,0,0,0,0,0,0,0,0,0,0,0,0,0,0,0,0,0,0,0,0,0,0,0,0,0,0,0,0,0,0,0,0,0,0,0,0,0,0,0
0,0,0,0,0,24,0,0,0,0,0,0,0,0,0,0,0,0,0,0,0,0,0,0,7,0,0,0,0,0,0,0,0,0,0,0,0,0,0,0,0,0,0,0,0,0,0,0,0,0,0,0,0,0,0,0,0,0,0,0,0,17,0,0,0,0,0,0,0,0,0,0,0,0,0,0,0,0,21,0,0,0,0,0,13,0,0,0,0,0,0,0,0,0,0,0,0,23,0,0,0,0,0,0,0,0,0,0,0,0,0,0,29,0,0,0,0,0,0,30,0,0,0,0,0,0,0,0,0,15,0,0,0,0,2,0,0,0,0,5,0,0,0,0,0,0,0,0,0,0,0,2,0,0,0,0,0,0,13,22,28,0,0,0,0,0,0,0,0,0,0,0,0,0,0,0,0,0,0,0,0,0,0,0,0,0,0,0,0,0,0,20,0,0,0,0,0,0,12,0
0,0,0,0,0,0,27,16,0,0,2,0,0,0,0,28,0,0,0,30,3,0,0,0,0,0,0,0,0,0,0,0,0,0,0,0,0,0,0,0,0,0,0,0,0,0,0,0,0,0,0,0,0,0,0,11,4,30,0,0,16,0,19,0,0,0,0,0,0,6,4,0,0,0,0,5,0,0,0,18,0,0,0,0,0,0,0,10,0,0,0,0,0,0,0,0,5,0,0,0,0,0,8,3,0,0,0,0,0,0,0,0,0,17,29,0,0,0,0,0,0,0,0,0,0,0,0,2,0,28,0,0,0,0,0,0,0,0,0,0,0,0,0,0,0,0,0,0,30,0,0,0,0,0,0,0,0,0,0,25,0,0,0,0,0,0,1,0,0,0,0,7,0,5,0,0,0,0,0,0,0,0,17,0,0,0,0,0,0,0,0,10,0,0,0,0,0,0,10,0
0,0,0,0,0,0,8,0,0,0,5,0,0,6,0,0,0,0,0,0,0,0,0,21,0,0,0,18,0,25,0,0,0,0,0,0,2,0,0,0,0,0,0,0,0,0,0,0,0,13,0,0,0,25,0,1,0,11,0,0,0,0,9,0,0,0,0,0,27,4,0,0,0,12,0,14,0,0,0,0,0,0,0,0,0,0,0,0,0,0,0,0,0,0,0,0,13,0,0,0,0,0,0,0,0,0,0,11,0,0,0,0,0,0,0,0,0,0,0,0,0,0,0,24,0,0,0,7,18,0,0,0,0,0,0,0,0,0,0,0,0,0,17,0,26,0,0,26,0,0,0,0,13,6,0,0,0,13,0,0,0,0,0,0,0,0,0,0,0,0,0,0,0,0,0,0,0,0,0,23,0,0,28,0,0,24,0,0,0,14,0,0,0,0,0,12,0,0,0,21
0,0,0,0,0,0,0,0,7,0,0,0,0,0,0,28,0,0,0,0,10,0,0,0,0,0,0,0,0,0,0,0,0,10,0,0,0,0,0,0,0,0,0,0,18,11,0,0,0,0,28,13,8,3,0,0,0,0,0,0,0,0,22,0,24,0,0,0,0,21,0,0,0,18,0,15,24,14,0,26,0,0,0,0,0,0,0,0,0,0,0,15,0,29,0,0,0,0,0,0,0,0,0,0,0,0,0,30,0,0,0,0,0,0,0,0,7,0,11,0,0,0,0,13,0,0,29,0,0,0,0,0,0,0,0,0,0,0,0,0,0,0,0,0,0,0,17,18,0,0,0,0,14,0,0,29,5,0,0,0,0,0,0,0,3,0,0,25,0,3,0,0,22,0,0,0,0,0,0,13,0,0,9,0,0,0,0,0,0,0,0,0,0,0,0,0,0,28,0,0
0,0,0,0,0,0,3,6,0,0,0,0,0,0,0,0,0,0,0,0,0,0,0,0,0,0,0,19,0,0,0,0,0,0,0,0,0,0,0,0,0,0,0,0,0,0,0,0,0,0,0,0,0,0,19,27,0,0,0,0,18,0,0,0,0,0,0,0,0,0,21,0,0,0,0,0,0,0,0,0,0,5,0,0,0,0,0,0,0,0,0,0,0,0,0,0,0,0,0,0,0,0,0,18,0,0,0,0,0,0,0,0,0,0,0,0,0,0,0,0,0,10,0,0,0,0,0,15,1,0,0,0,0,0,0,0,0,0,0,0,0,0,0,0,0,0,0,0,0,18,0,0,0,0,0,0,0,0,0,0,0,0,0,0,0,0,0,0,0,0,0,0,0,0,0,0,0,29,0,0,0,0,0,0,0,30,0,20,0,0,0,28,0,0,0,0,0,0,0,0
0,0,0,0,0,0,0,0,0,0,0,0,0,0,0,0,0,0,0,0,0,0,0,0,0,0,0,0,0,0,0,0,0,0,0,0,0,0,15,0,0,17,7,0,0,0,0,0,0,0,0,0,0,0,0,0,0,0,13,0,0,0,0,0,0,0,0,0,0,0,0,0,0,0,0,0,0,0,0,0,0,0,0,0,0,0,0,0,0,0,11,0,0,0,0,0,0,0,1,0,0,0,0,0,0,6,0,0,0,11,0,0,0,0,0,27,0,27,0,0,0,0,0,0,27,0,0,0,0,0,0,0,0,0,0,0,0,0,0,0,0,0,0,6,0,0,0,0,0,0,0,0,0,0,4,0,0,0,0,0,0,0,0,0,0,0,0,0,0,0,0,0,0,0,27,0,0,0,0,0,0,0,0,0,0,0,0,0,0,0,0,0,0,13,20,0,0,0,0,0
0,0,0,0,0,0,0,0,0,0,0,0,0,0,0,0,0,0,0,0,0,0,0,0,0,0,0,0,0,0,0,0,0,0,0,0,0,5,0,0,0,0,17,0,0,17,21,7,0,0,0,0,0,0,0,0,18,0,0,0,0,0,0,0,0,0,23,0,0,0,0,0,0,0,0,0,0,0,0,0,0,0,3,0,0,0,0,0,0,0,0,0,0,10,0,0,0,0,0,0,0,3,0,0,0,0,0,0,0,0,11,0,0,0,0,0,22,0,0,0,22,0,17,0,0,0,0,0,0,0,0,0,0,0,0,0,0,26,0,0,0,0,0,0,0,0,0,0,0,0,0,0,0,0,0,0,0,0,16,0,0,0,0,0,0,0,24,0,0,0,0,0,0,0,0,0,0,0,0,0,0,0,0,0,0,0,24,0,0,0,0,0,0,0,0,0,0,0,0,0
0,0,0,0,0,0,0,0,5,0,0,0,0,0,0,2,0,5,0,0,0,0,0,0,0,0,0,0,0,0,0,0,0,0,0,0,0,0,0,21,0,0,3,0,0,5,0,0,0,13,6,0,0,0,0,0,0,0,0,0,0,0,0,0,0,0,13,0,0,0,0,0,0,0,0,1,6,22,0,27,0,0,0,0,0,0,0,0,11,0,0,0,0,13,0,0,0,0,0,0,0,0,0,0,0,0,0,30,29,0,0,0,0,0,0,0,3,0,0,0,0,0,13,0,0,15,12,0,0,0,28,0,0,0,0,0,0,0,0,0,0,26,0,21,0,0,27,0,5,0,0,0,0,0,0,0,0,0,0,0,0,0,0,3,0,0,0,0,0,18,0,0,17,0,0,0,0,0,2,0,0,0,0,0,0,0,0,0,19,0,0,0,0,0,0,0,0,5,0,0
0,0,0,0,0,0,0,0,0,0,0,0,13,0,0,0,0,0,0,0,0,0,0,27,0,0,0,0,0,0,0,0,0,0,0,0,0,0,0,28,0,0,0,0,0,0,0,0,0,0,0,0,0,0,0,0,0,0,0,7,0,0,0,0,0,0,0,0,0,0,0,0,0,0,0,0,0,0,0,0,0,0,0,0,0,0,0,0,0,0,0,0,0,0,0,0,0,0,0,0,0,0,0,0,0,0,0,0,0,0,0,0,0,0,0,0,0,0,0,0,0,0,0,0,0,0,0,0,0,0,16,0,0,0,0,0,0,0,0,0,0,0,0,0,0,0,0,0,0,0,0,0,0,0,0,0,0,2,0,0,0,0,0,0,0,0,0,0,0,0,0,0,0,0,0,0,0,0,0,0,0,15,0,0,0,0,0,0,0,0,0,0,0,0,0,4,0,0,0,0
0,0,18,0,0,0,0,0,0,0,0,0,0,0,0,0,0,0,0,9,0,0,0,0,0,0,0,19,0,0,20,0,0,0,0,0,0,0,0,0,0,0,0,0,0,0,0,0,0,0,0,0,0,26,20,6,0,19,0,0,0,0,0,0,0,0,0,0,0,0,20,0,0,9,0,0,0,0,0,0,0,4,0,0,0,0,0,5,0,0,0,0,0,0,0,0,0,0,0,0,0,0,0,0,21,0,0,0,0,0,0,0,0,30,0,0,0,0,0,0,0,0,0,0,0,0,0,24,22,0,0,0,0,0,0,0,0,0,0,0,0,0,0,0,0,0,0,0,0,0,0,5,0,0,0,0,0,0,0,0,0,0,0,0,0,12,0,0,0,0,0,0,0,0,0,0,7,0,0,0,0,0,0,0,0,17,0,14,0,0,0,4,0,0,0,0,0,0,0,0
0,0,0,0,0,0,30,0,0,0,0,0,0,0,0,0,0,0,0,6,0,0,0,0,0,0,0,1,0,0,12,0,0,0,0,26,0,0,0,0,0,0,0,0,0,0,0,0,0,0,0,0,0,0,0,0,0,0,0,0,0,0,0,0,0,0,0,0,0,2,0,0,0,14,0,0,0,0,0,0,0,0,0,0,0,0,0,0,0,0,0,0,0,0,18,0,11,26,0,0,0,0,0,10,30,0,0,0,0,0,0,0,0,0,0,0,0,0,0,0,0,0,0,0,0,0,0,0,0,0,0,0,0,0,0,0,11,0,0,0,0,0,0,0,0,0,0,0,0,3,0,27,0,0,0,0,0,0,0,0,0,0,0,0,0,0,0,0,0,0,0,0,0,0,0,0,0,22,0,0,0,0,0,0,0,14,0,22,0,0,0,0,0,0,0,0,0,0,0,0
0,0,0,0,0,0,0,0,0,0,0,24,0,0,0,0,26,0,0,0,0,0,0,0,1,25,0,0,0,0,0,0,0,0,0,0,0,0,0,0,0,0,0,0,0,8,0,0,0,0,0,0,0,23,0,0,0,0,0,0,0,12,0,0,0,0,14,0,0,0,0,11,0,0,0,0,0,0,0,0,2,0,0,0,0,0,0,0,0,0,0,0,0,0,0,0,0,0,0,0,11,11,0,0,0,0,0,0,0,0,6,0,0,5,2,0,18,0,0,0,7,0,21,0,0,0,0,0,0,0,0,0,0,0,0,19,0,23,0,0,0,0,0,0,0,0,0,0,9,0,0,16,0,0,0,0,0,0,0,0,4,0,0,8,0,0,28,0,0,0,0,0,0,0,0,0,0,0,0,0,0,0,27,0,0,0,0,0,0,0,0,0,0,0,0,0,0,0,0,0
0,0,0,0,0,0,0,0,0,0,0,0,0,0,0,0,0,0,0,0,0,0,0,0,0,0,0,0,0,0,0,0,0,0,0,0,0,0,0,0,0,16,0,0,0,0,0,0,0,0,0,0,0,0,0,0,0,0,0,0,0,0,0,0,0,0,0,0,0,0,0,0,0,0,0,0,0,0,0,0,0,0,0,0,0,3,0,0,0,0,19,0,0,0,0,0,0,0,16,0,0,0,0,0,0,0,14,0,0,15,0,0,0,0,0,0,0,0,0,0,0,0,0,0,0,0,0,0,0,0,0,0,0,0,0,0,0,0,0,0,0,0,0,0,0,0,0,0,0,0,0,0,0,0,0,0,0,0,0,0,0,0,0,0,0,0,0,0,0,0,0,0,0,0,0,0,0,0,0,0,0,0,0,19,0,0,0,0,0,0,0,0,0,2,30,0,0,0,0,0
0,0,0,0,0,0,0,0,19,0,0,0,0,0,0,0,0,0,0,0,0,0,0,0,0,0,0,0,0,9,0,0,0,0,0,0,0,0,0,0,0,0,0,6,0,0,0,0,0,14,0,0,6,0,0,0,0,0,0,0,0,0,0,0,0,0,0,6,0,0,0,0,0,0,0,0,0,0,0,0,0,0,0,0,0,0,0,0,18,0,0,13,0,0,0,0,0,0,0,0,0,0,0,0,0,0,0,20,0,0,0,0,0,0,0,0,0,0,0,0,0,0,0,0,0,7,0,0,0,0,0,0,0,0,0,0,0,0,0,0,0,0,0,0,29,0,0,0,0,0,0,0,22,10,0,0,0,0,0,0,0,0,30,0,0,0,0,2,0,0,0,0,0,0,0,0,0,0,2,0,0,0,0,0,0,0,0,0,0,0,0,0,0,0,0,0,0,0,0,0
0,0,0,0,0,0,0,0,0,8,0,0,0,0,0,0,0,0,0,0,0,0,0,0,0,0,0,0,0,0,0,9,0,0,0,0,0,0,30,0,0,0,15,0,0,0,0,0,0,0,0,0,0,0,0,0,0,0,28,0,0,0,0,0,0,0,0,0,0,0,0,0,4,0,0,0,0,0,0,0,0,0,0,0,0,0,0,0,0,0,5,0,0,0,0,0,0,0,0,0,0,0,0,0,0,28,0,0,0,0,0,0,0,0,0,25,0,0,0,0,0,0,0,0,0,0,0,0,0,0,0,0,0,0,0,26,0,15,0,0,0,0,0,0,0,0,0,0,0,0,0,0,0,0,0,0,1,0,0,0,0,0,0,0,0,0,0,0,0,0,0,0,0,0,16,0,0,0,0,0,0,0,0,17,0,0,0,0,23,0,0,0,0,0,0,0,0,0,0,0
0,0,0,0,0,0,0,0,0,0,0,0,0,0,0,0,0,0,0,0,0,0,0,0,0,0,0,0,0,0,0,0,0,0,0,0,0,0,0,0,15,0,0,0,0,0,0,0,0,0,0,0,0,0,0,0,0,0,0,0,0,0,0,0,0,0,0,0,0,0,0,0,0,0,25,0,0,0,0,0,0,0,0,0,0,0,0,0,0,0,0,0,0,0,0,19,0,0,8,0,0,0,0,0,0,0,11,0,0,17,0,0,0,0,0,3,0,0,0,0,0,0,0,0,0,0,0,0,0,0,0,0,0,0,0,0,0,0,6,0,0,0,0,0,0,0,0,0,0,0,0,0,0,0,0,0,0,0,0,0,0,0,0,0,0,0,0,0,0,0,0,0,0,0,24,0,0,0,0,0,0,0,0,17,0,0,0,0,0,0,0,0,0,0,28,0,0,0,0,0
0,0,0,0,0,0,0,0,0,30,0,0,0,0,0,0,12,0,0,0,0,0,0,0,0,0,0,0,0,0,0,0,0,0,0,0,0,0,17,0,0,28,0,1,0,22,0,0,0,0,0,0,0,0,0,0,0,0,0,0,0,0,0,0,0,0,0,0,0,0,0,0,21,0,0,0,0,0,0,0,0,0,0,0,0,12,0,0,0,20,0,23,0,0,0,16,0,0,0,0,0,0,0,0,0,20,1,0,13,25,0,0,0,0,0,0,27,17,0,0,0,0,0,0,11,0,0,0,0,0,0,0,0,0,0,0,0,0,0,0,0,0,0,0,0,0,0,0,0,0,0,0,0,0,0,0,0,0,0,0,0,4,0,0,0,0,0,27,0,0,0,0,0,0,1,0,0,0,15,0,0,0,0,0,0,0,0,0,9,0,0,0,0,0,0,0,0,0,0,0
0,0,0,0,13,0,0,0,8,0,0,0,0,0,0,0,0,0,0,0,0,0,0,0,0,0,0,0,0,0,0,0,0,18,0,0,0,0,0,0,0,0,0,0,20,0,0,0,0,0,23,0,22,0,0,0,0,0,10,0,0,0,0,0,13,0,0,0,0,0,0,0,0,0,0,0,0,0,0,0,0,0,0,0,0,0,0,0,0,0,0,0,0,0,0,0,0,0,0,0,0,0,0,0,0,0,0,0,0,0,0,4,0,0,0,20,0,0,0,0,0,0,0,0,0,23,8,0,0,0,0,0,0,0,0,0,0,0,0,0,0,9,0,12,0,0,0,0,0,0,0,0,0,0,0,0,0,0,0,0,0,0,23,0,0,0,0,13,0,0,0,0,9,0,0,25,0,0,0,0,17,0,0,0,0,0,0,0,0,0,0,0,0,0,23,0,0,0,0,0
0,0,0,0,0,0,0,0,0,0,0,0,2,0,0,0,0,0,0,0,0,0,0,0,0,0,0,0,0,0,0,0,0,15,0,0,0,0,0,12,0,0,0,0,0,0,0,0,0,0,19,11,0,0,0,0,0,0,0,0,0,0,20,0,7,25,0,0,10,0,0,0,0,0,0,0,0,0,0,0,0,0,0,0,0,0,0,0,0,0,0,9,0,0,0,0,0,0,0,0,0,0,0,0,0,0,0,3,0,0,0,6,0,0,0,0,0,0,0,0,0,0,0,0,0,0,19,0,0,0,6,0,5,0,0,0,0,0,0,0,17,0,0,23,0,0,2,0,0,0,0,0,24,4,0,3,0,0,0,0,0,0,1,0,16,0,0,0,0,26,0,20,0,0,0,0,0,0,0,0,4,1,0,0,9,0,0,0,0,0,0,0,0,0,0,0,0,7,0,13
0,0,0,0,0,0,0,0,10,0,0,0,0,0,0,0,5,0,0,0,0,0,0,0,0,28,0,0,0,0,0,0,0,0,0,0,0,0,0,0,17,0,0,2,17,0,0,0,0,0,0,0,0,0,0,0,0,0,27,0,0,0,0,0,0,0,28,0,0,0,0,0,7,0,0,0,0,0,0,0,0,0,0,0,0,0,0,0,0,0,19,2,0,12,0,10,0,0,0,0,0,0,0,0,0,23,2,0,17,0,0,0,0,0,0,0,5,8,0,0,29,0,0,0,3,0,0,0,0,0,0,0,0,0,0,13,0,0,0,0,0,0,0,0,0,0,0,0,0,0,0,0,0,0,16,0,0,0,0,0,0,0,0,0,0,0,0,0,0,0,0,0,0,0,0,0,0,0,7,0,0,0,19,0,0,0,0,0,19,0,0,0,0,0,4,0,0,0,0,0
0,0,0,0,0,0,0,0,0,0,0,16,0,0,0,0,0,0,0,0,8,0,0,0,0,19,0,0,0,0,0,0,0,0,0,0,0,1,0,0,0,0,0,0,0,0,0,8,0,0,0,0,0,0,0,0,0,0,0,0,0,0,0,0,0,0,0,0,0,0,0,17,0,0,0,0,0,0,3,0,27,0,0,7,0,0,0,0,0,0,0,0,0,0,0,0,0,0,0,0,2,0,0,0,0,0,0,0,20,0,0,0,25,0,17,0,27,0,0,0,0,0,7,0,0,0,0,0,0,0,0,0,0,0,0,26,0,0,0,0,0,0,0,0,0,0,0,0,0,0,0,0,0,0,0,0,0,0,0,1,26,0,0,0,0,0,23,0,0,0,0,0,0,0,0,0,0,0,0,0,0,0,0,0,0,0,12,0,0,0,0,0,0,0,0,0,0,0,0,0
0,0,0,0,0,11,0,0,0,0,0,11,0,0,0,0,0,0,0,0,0,0,0,0,25,0,0,0,0,0,0,0,0,0,0,0,0,27,0,0,0,0,0,0,0,12,0,0,0,0,0,0,0,0,0,0,0,0,0,0,0,0,0,0,0,0,9,0,0,0,0,27,0,0,0,0,0,0,0,24,22,0,0,2,0,0,0,0,0,0,0,0,0,0,0,0,0,0,0,0,0,19,0,0,0,0,0,0,12,0,0,0,0,16,24,0,0,0,0,0,0,0,0,0,0,0,0,0,0,0,0,0,0,0,0,0,0,18,0,0,0,0,0,0,0,0,0,0,6,0,0,28,0,0,0,0,0,0,27,0,13,0,0,0,0,0,5,0,0,0,0,0,0,0,0,0,0,0,0,0,0,0,0,0,0,0,16,0,0,0,0,0,0,0,0,0,0,0,0,0
0,21,0,21,0,0,0,0,0,0,0,0,0,0,0,0,0,0,16,10,0,0,0,0,0,0,0,0,21,0,0,0,0,0,0,0,0,0,0,0,0,0,0,0,0,0,0,0,0,0,0,0,0,0,0,0,0,0,0,0,0,0,0,0,0,0,0,0,0,4,0,0,0,0,0,0,0,0,0,0,0,0,0,0,0,0,23,0,0,0,0,0,0,0,0,0,0,0,0,0,0,0,0,0,0,0,0,11,0,0,0,0,0,0,0,0,0,0,0,0,0,0,0,25,0,0,0,0,5,0,0,0,0,2,0,0,0,0,0,0,0,0,0,0,0,29,0,0,0,0,0,0,2,8,0,0,0,0,0,0,0,0,0,0,0,3,0,0,0,29,0,0,0,0,0,0,0,0,0,11,0,0,0,0,0,0,0,0,0,15,1,0,0,0,0,0,0,21,0,0
0,0,0,0,0,0,0,0,5,0,0,0,0,0,0,14,0,16,0,0,0,0,11,0,0,0,0,0,0,1,0,0,0,0,0,0,0,0,0,0,0,0,0,0,14,0,0,0,0,0,25,10,0,0,0,0,0,0,0,0,0,0,0,0,0,0,0,14,0,0,0,0,0,0,0,7,0,0,0,0,0,0,0,0,0,0,0,0,0,0,0,0,0,0,0,0,0,0,0,0,0,0,0,0,0,0,0,0,0,0,0,18,0,0,0,0,0,0,0,0,0,0,0,10,0,9,0,0,0,0,0,0,0,0,0,0,0,0,0,0,28,1,0,0,0,0,25,30,0,0,0,0,18,25,0,9,0,0,0,0,0,17,0,0,0,0,0,2,0,25,0,23,19,0,0,0,0,0,27,28,0,0,25,0,0,0,0,0,0,0,0,0,0,0,0,0,0,0,0,0
0,0,0,0,0,0,0,0,0,0,0,0,12,5,0,11,0,0,0,0,0,0,0,0,0,0,0,0,0,0,0,0,0,0,15,0,0,0,0,9,0,0,0,0,0,0,0,0,0,0,0,9,0,0,0,0,0,0,0,0,0,0,27,0,0,30,0,0,8,0,0,0,0,0,0,0,0,7,0,0,0,0,0,0,0,0,0,0,14,0,0,0,0,0,0,0,0,0,0,0,0,0,0,0,0,0,0,5,0,0,0,3,0,0,0,0,0,0,0,0,0,0,0,0,0,0,0,0,0,0,0,0,0,26,0,0,0,0,0,0,0,0,0,0,0,0,12,0,0,0,0,0,0,18,0,29,0,1,0,0,0,0,0,0,0,0,0,0,0,5,0,29,0,0,0,28,0,0,1,0,0,12,0,0,21,0,0,0,0,0,0,0,0,0,0,0,0,16,0,0
0,0,0,0,0,0,0,0,0,0,29,0,0,0,0,0,0,0,0,0,0,0,0,0,0,0,0,28,16,0,0,0,0,23,0,0,0,0,0,0,0,0,0,0,0,0,0,0,21,0,0,0,0,3,0,0,0,0,0,0,0,0,0,0,21,0,0,8,0,23,0,0,0,4,0,0,0,0,0,27,0,0,0,0,0,0,0,0,0,0,0,6,0,0,0,0,0,0,0,0,0,0,24,0,0,0,0,0,0,0,0,0,0,0,0,0,0,0,25,0,6,0,0,17,0,11,0,0,0,0,0,0,0,0,0,0,0,0,0,0,0,0,13,0,25,0,14,13,0,0,0,0,0,0,0,0,0,0,0,0,0,0,0,0,26,0,0,0,0,23,0,0,19,0,0,0,0,0,0,24,0,0,28,0,0,0,0,0,0,0,10,0,20,0,0,0,0,0,0,0
0,0,0,0,25,0,0,0,0,0,0,0,0,0,0,0,0,0,0,0,0,0,4,21,0,0,0,0,0,0,0,0,0,9,0,0,0,0,0,0,0,0,0,0,12,0,0,0,0,8,17,12,0,0,0,0,0,0,0,0,0,0,0,0,29,0,0,0,0,0,0,0,0,0,0,1,0,0,0,0,0,0,0,0,0,0,0,0,26,0,0,0,0,10,0,0,0,0,0,0,0,0,0,0,0,0,0,10,0,0,0,0,0,0,0,0,0,0,0,0,0,0,0,0,0,0,0,0,0,0,25,0,7,29,0,0,0,0,0,0,6,0,0,0,0,8,0,0,0,0,0,0,11,17,0,0,0,6,0,0,0,0,0,0,0,0,0,0,0,9,0,11,0,0,0,0,0,0,3,0,6,0,14,0,0,0,0,0,0,0,0,0,0,0,0,0,0,0,0,0
0,0,0,0,0,0,11,13,0,0,0,0,0,1,27,0,0,0,0,0,0,0,0,0,0,0,0,2,0,0,0,0,0,0,0,0,22,0,0,0,0,0,0,0,0,0,0,0,0,0,0,0,0,0,0,0,0,23,0,0,7,0,9,0,0,0,0,0,0,24,17,0,0,0,0,9,27,0,0,0,0,0,0,0,2,0,0,14,0,0,0,0,0,0,3,0,3,0,0,0,0,20,12,18,0,0,0,0,0,0,0,0,0,0,0,0,0,0,0,0,21,19,0,0,0,0,0,0,0,16,0,0,0,0,0,0,0,0,0,0,0,0,0,0,0,0,0,0,0,0,0,0,0,0,0,0,0,0,0,0,0,0,0,28,0,2,0,0,0,0,0,18,0,0,0,0,27,0,0,4,0,0,0,0,0,0,0,0,0,0,0,11,0,0,0,0,0,12,0,0
14,0,0,0,0,0,0,27,0,0,0,1,0,0,5,0,0,0,0,0,0,0,0,0,0,0,19,12,0,0,0,0,0,0,0,0,8,0,0,0,0,0,0,0,0,0,0,0,0,0,0,0,0,2,0,0,0,0,0,0,0,0,0,0,0,0,0,0,0,0,14,0,0,0,0,0,0,0,0,0,0,0,0,0,0,0,0,17,0,0,0,0,0,0,0,0,1,0,0,0,0,0,8,10,0,0,0,0,0,0,0,0,0,0,0,0,0,0,0,0,0,9,0,0,0,0,0,0,0,27,0,0,0,0,0,0,0,0,0,0,0,0,0,0,0,0,0,0,0,0,0,0,0,0,0,0,0,0,0,0,0,0,0,0,0,0,0,0,0,0,0,0,0,0,0,0,0,18,0,0,0,0,0,0,0,0,0,0,0,0,0,0,0,0,0,0,7,0,25,0
0,0,0,0,0,0,0,0,0,0,0,15,0,0,0,19,0,0,0,4,0,0,0,0,0,0,0,0,0,0,0,0,0,0,0,0,26,0,0,0,0,0,0,0,0,0,0,0,0,0,0,11,0,14,5,0,0,24,0,0,0,0,0,0,0,0,0,0,0,0,27,11,0,16,0,8,0,0,0,29,0,10,0,0,0,0,0,14,0,0,0,0,0,0,20,0,0,0,0,0,0,0,0,27,0,0,0,0,0,0,0,0,0,0,0,0,0,0,12,0,0,18,0,0,0,0,0,9,28,23,0,0,0,0,0,0,21,0,0,0,0,0,0,0,0,0,0,0,0,0,30,1,0,0,0,0,0,0,0,0,0,0,0,2,0,6,0,0,0,0,0,14,0,6,0,0,10,10,0,13,0,0,0,0,0,0,0,26,0,0,0,0,0,0,0,0,16,0,20,0
0,0,0,0,0,0,0,0,0,0,0,4,0,0,0,0,0,0,0,0,0,0,0,0,0,0,30,0,0,0,0,0,0,0,0,0,0,30,0,0,0,0,0,0,0,0,23,13,0,0,0,0,0,25,0,22,0,0,0,0,0,0,0,0,0,0,0,0,0,0,0,24,0,0,0,0,10,0,0,23,0,0,0,0,12,0,0,0,0,0,0,0,0,0,0,0,0,7,0,0,10,0,30,0,0,0,0,0,0,0,0,0,18,0,7,0,21,0,0,0,2,0,0,0,0,0,0,0,0,0,0,0,0,0,0,0,0,27,0,6,0,0,0,0,0,0,0,0,20,0,0,0,0,0,0,0,22,0,16,0,0,0,0,0,0,0,17,0,0,0,0,0,0,30,0,0,0,0,0,0,0,0,0,0,0,0,0,0,0,0,0,5,0,0,0,0,0,0,0,0
0,6,0,0,0,0,0,0,0,0,0,0,0,19,29,0,0,0,0,18,0,0,0,8,0,0,0,0,0,0,0,0,0,0,0,0,3,0,0,0,0,0,0,0,0,0,0,0,5,0,0,9,0,0,0,0,0,0,0,0,0,0,0,2,0,0,0,0,0,0,0,0,0,0,0,10,0,0,0,0,0,0,0,0,0,0,18,0,0,0,0,0,0,0,20,0,0,0,0,0,0,0,5,7,0,0,0,0,0,0,0,0,0,0,0,0,0,0,0,0,0,5,0,1,0,0,0,0,0,0,10,0,0,0,0,0,7,0,0,0,0,0,12,0,0,0,0,0,0,0,2,0,0,24,0,0,0,0,0,0,0,0,0,27,12,10,0,0,17,0,0,0,0,7,0,0,0,0,0,0,0,0,0,0,0,5,0,0,0,26,16,0,0,0,0,0,0,11,0,0
0,0,0,0,0,0,0,0,0,0,0,0,0,0,0,0,5,0,0,0,0,0,0,0,0,0,0,0,0,0,0,0,0,0,0,0,0,0,6,0,0,17,8,0,0,0,0,0,0,0,0,0,0,0,0,0,0,0,0,0,0,0,0,0,0,0,0,0,0,0,0,0,0,0,1,0,0,0,0,0,0,0,0,0,0,29,0,0,0,0,0,0,0,0,0,0,0,0,0,0,0,0,0,0,0,0,2,0,0,0,0,0,0,0,0,0,0,0,0,0,0,0,0,0,25,0,0,0,0,0,0,0,0,0,0,25,0,9,22,0,0,0,0,21,0,0,0,0,0,0,0,0,0,0,20,0,0,0,0,0,0,0,18,0,0,0,0,20,0,0,0,0,0,0,30,0,0,0,0,0,0,0,0,0,0,0,0,0,28,0,0,0,0,16,0,0,0,0,0,0
0,0,0,0,0,0,0,0,0,0,0,0,0,0,0,0,0,0,0,0,0,3,0,25,0,0,0,0,0,0,0,0,0,0,0,0,0,0,0,0,0,0,0,0,0,0,0,0,0,0,0,0,0,0,0,0,0,0,0,0,0,0,0,15,0,27,0,0,0,0,0,0,0,0,0,0,0,0,0,0,0,0,0,0,0,0,0,0,0,0,0,0,9,0,0,0,0,0,0,0,0,0,0,0,0,0,0,0,0,0,0,0,0,0,0,0,0,0,0,0,0,0,0,0,0,0,0,0,0,0,0,0,14,0,0,0,0,0,0,0,0,0,0,0,3,0,0,0,0,0,0,0,0,0,0,19,0,0,0,0,0,0,0,0,16,0,0,0,0,26,17,0,0,0,0,0,0,0,0,0,0,0,0,0,0,0,0,0,0,0,0,0,0,0,0,15,0,0,0,0
0,6,0,0,0,0,0,0,0,0,11,0,0,0,0,0,0,0,16,22,0,0,0,0,0,0,0,0,28,0,0,0,0,0,0,23,26,0,0,0,0,0,0,0,0,0,0,0,19,0,0,0,0,0,0,16,0,14,0,0,0,0,0,0,0,0,0,0,0,23,0,0,0,30,0,24,0,0,0,0,0,23,0,0,0,0,4,24,0,0,0,0,0,0,0,0,0,0,0,0,0,0,18,15,0,0,0,12,0,0,0,0,0,19,0,0,0,0,0,0,0,0,0,0,0,0,0,1,0,0,15,0,0,0,0,0,0,0,0,0,0,0,0,0,0,0,10,4,0,0,30,0,0,0,0,0,0,0,0,0,0,0,0,0,0,0,0,0,20,0,0,0,0,21,0,0,13,9,0,0,0,0,0,0,0,0,0,27,0,20,0,0,22,0,0,0,0,30,0,0
0,0,0,0,0,0,0,10,0,0,0,1,0,0,0,0,0,0,0,0,2,0,0,0,0,0,0,18,0,0,0,0,21,0,0,0,0,0,0,0,0,0,0,0,0,0,15,14,0,0,0,0,0,28,0,0,12,0,0,0,0,0,0,0,0,0,0,0,0,0,0,26,0,0,0,0,0,0,0,18,0,0,0,0,21,0,0,0,0,0,0,0,0,0,0,0,0,24,0,0,6,2,0,0,0,0,0,0,0,0,0,0,17,6,30,0,27,0,0,9,0,0,0,0,0,0,0,0,0,19,0,0,0,0,8,0,0,0,0,0,0,0,0,0,0,0,0,0,28,0,0,30,0,0,0,0,0,0,0,5,14,0,0,0,0,0,28,0,0,0,0,0,0,0,0,0,0,0,0,0,0,0,0,0,0,0,0,0,0,0,0,8,0,0,0,0,0,0,0,0
0,0,0,0,25,0,0,0,0,0,0,0,0,26,0,6,0,26,0,0,0,0,0,2,0,0,0,0,0,0,0,0,0,20,0,0,0,0,0,0,0,0,0,0,0,0,0,0,8,6,0,6,8,0,0,21,0,29,0,0,11,0,0,0,0,0,0,0,0,23,0,0,0,15,0,15,0,24,0,0,0,0,0,0,0,0,0,0,0,0,0,0,0,0,0,0,0,0,0,0,0,0,0,0,0,0,0,0,0,0,0,0,0,0,0,0,0,0,0,0,0,17,0,0,0,0,0,0,0,0,0,0,0,14,0,0,0,0,0,0,0,15,0,0,0,0,0,8,11,0,0,0,12,14,0,0,0,24,0,0,0,17,0,0,5,7,0,0,0,5,0,22,24,0,0,0,0,0,0,0,0,0,26,0,0,0,0,0,0,0,20,0,3,0,0,29,0,0,0,0
0,27,0,1,0,0,0,0,0,0,0,0,0,0,0,0,0,0,0,0,0,0,0,28,0,0,0,0,10,0,0,0,0,0,17,0,0,0,0,0,0,0,0,0,0,0,0,0,18,0,0,0,0,0,0,0,0,0,0,0,0,0,0,0,0,0,0,0,0,26,0,0,0,0,0,0,0,0,0,0,0,0,0,0,0,0,0,0,0,0,0,0,0,0,0,0,0,0,0,0,0,0,0,0,0,0,0,13,0,0,0,0,0,0,0,0,0,0,0,0,0,0,0,0,0,0,0,0,0,0,0,0,4,8,0,0,0,0,0,0,0,0,0,0,20,0,0,29,0,0,0,0,0,13,0,0,0,0,0,0,0,0,0,0,0,0,0,0,0,10,0,0,0,0,0,0,0,0,0,0,0,0,0,0,0,0,0,0,0,29,14,0,15,0,0,0,0,0,0,0
0,0,0,0,14,0,0,0,3,0,0,0,1,0,0,0,6,20,0,0,0,0,0,0,0,0,0,0,0,0,0,0,0,23,0,0,0,0,0,25,0,0,0,0,0,0,0,0,0,1,20,0,0,0,0,0,0,0,0,0,0,0,18,0,0,1,0,0,2,0,0,0,0,0,0,8,26,0,0,0,0,0,0,0,0,0,0,0,0,0,0,0,14,0,0,0,0,0,0,0,0,0,0,0,0,0,0,0,0,0,0,0,0,0,0,0,0,0,0,0,0,0,0,0,0,0,0,0,0,0,0,0,14,0,0,0,0,0,0,0,28,5,0,0,18,0,29,20,0,0,0,0,0,0,0,0,0,0,0,0,0,30,0,0,16,0,0,0,0,27,0,4,6,0,0,0,0,0,0,0,0,27,15,0,22,0,0,0,0,0,5,0,0,0,0,0,0,0,0,0
0,0,0,0,0,0,0,0,0,0,0,0,30,0,0,0,0,0,0,0,0,0,0,0,0,0,0,0,0,0,0,0,0,0,8,0,0,0,0,28,0,0,0,0,0,0,0,0,0,0,0,0,0,0,0,0,0,0,0,0,0,0,0,0,0,0,0,0,0,0,0,0,0,0,0,0,0,0,0,0,0,0,0,0,0,0,0,0,0,0,0,0,0,0,0,0,0,0,0,0,0,0,0,0,0,0,0,0,0,0,0,19,0,0,0,0,0,0,0,0,0,0,0,0,0,2,0,0,0,0,0,0,13,0,0,0,0,0,0,0,0,0,0,0,0,0,0,0,0,0,0,0,0,0,0,4,0,11,0,0,0,0,0,0,0,0,0,0,0,0,0,0,0,0,0,0,0,0,0,0,0,30,0,0,0,0,0,0,0,0,0,0,0,0,0,0,0,0,0,0
0,0,0,0,0,0,0,0,0,0,0,0,0,0,0,0,0,0,0,0,0,0,0,0,0,0,0,0,0,9,0,0,0,0,0,0,0,0,0,0,26,0,30,0,0,0,10,0,0,0,0,0,0,0,0,0,18,0,23,0,0,0,0,0,0,0,0,0,0,0,0,0,26,0,0,0,0,0,0,2,0,0,0,0,0,19,0,0,0,26,8,0,0,0,0,0,0,0,0,0,0,0,0,0,0,0,12,0,0,0,0,0,0,0,0,0,28,0,0,0,0,0,27,0,0,0,0,0,0,0,0,0,0,0,0,0,0,21,0,0,0,0,0,0,0,0,0,0,8,0,0,0,0,0,0,0,9,0,0,0,0,0,0,20,0,0,0,16,0,0,0,0,0,0,26,0,0,0,0,0,0,0,0,0,0,0,0,0,24,0,0,0,0,0,0,0,0,0,0,0
0,0,0,0,4,0,0,0,0,0,30,0,5,0,0,14,0,0,0,0,29,0,0,0,0,0,0,0,8,3,0,0,0,24,0,0,0,0,0,0,0,0,0,0,7,4,0,0,0,0,11,0,2,0,0,0,0,0,0,0,0,0,11,0,11,0,12,0,8,2,0,0,0,0,0,16,22,0,0,1,0,0,0,0,0,0,0,0,0,0,0,14,0,0,0,0,0,0,0,0,0,0,0,0,0,0,0,16,0,0,0,0,0,0,0,0,0,0,22,0,0,0,0,0,0,6,29,0,0,0,0,0,30,0,0,0,0,0,0,0,0,0,0,0,0,0,16,0,27,0,0,0,8,13,0,6,0,0,0,0,0,0,0,16,0,0,0,0,0,17,0,0,7,0,0,0,0,0,0,22,0,0,8,0,0,0,0,0,17,0,0,0,0,0,0,0,0,25,0,0
0,0,0,0,0,0,0,0,0,0,17,0,21,0,0,1,0,18,0,0,0,0,14,0,0,0,0,0,0,14,0,0,0,4,14,0,0,0,0,26,0,0,0,0,0,0,0,0,19,30,0,28,25,0,0,0,0,0,0,0,0,0,25,0,0,0,0,0,0,0,0,0,0,0,0,2,6,3,0,0,0,0,0,0,0,0,0,0,0,0,0,0,25,0,0,0,0,0,0,0,0,0,0,0,0,0,0,25,0,0,0,6,0,0,0,0,0,0,0,0,0,0,0,0,0,18,19,0,0,0,0,0,0,21,0,0,0,0,0,0,0,0,0,0,0,15,20,20,0,0,0,0,0,0,0,9,0,0,0,0,0,0,0,0,21,27,0,0,0,0,0,27,0,0,0,0,0,0,9,26,0,0,0,0,0,0,0,0,0,0,0,0,0,0,0,0,0,7,0,23
0,13,26,0,0,0,0,0,0,0,0,0,0,0,0,0,0,0,13,2,0,0,0,0,0,0,0,0,0,0,0,0,0,0,0,0,0,0,0,0,0,0,0,0,0,0,0,0,0,19,0,0,0,0,0,29,0,20,0,0,0,0,0,0,0,0,0,0,17,0,0,0,0,24,0,0,0,0,0,28,0,0,0,0,0,0,11,0,0,0,0,0,0,0,14,0,13,0,0,0,0,0,8,0,0,0,0,8,0,0,0,0,0,19,0,0,0,0,0,0,0,0,0,0,0,0,0,12,22,0,0,0,0,7,0,0,0,0,0,0,0,0,0,0,0,0,6,4,0,0,0,0,0,0,0,0,0,0,0,0,0,0,0,0,0,0,0,0,0,0,0,0,0,26,0,0,11,0,0,23,0,0,17,0,0,0,0,0,0,0,13,0,0,0,0,0,0,23,0,0
0,0,0,0,0,0,0,29,0,0,0,18,0,0,0,0,0,0,0,0,0,0,0,0,0,0,18,0,0,0,0,0,0,0,0,0,23,0,0,0,0,0,0,0,0,0,0,0,0,0,0,0,0,0,0,0,9,0,0,0,0,20,0,0,0,0,0,0,0,0,0,14,0,0,0,0,0,0,17,0,0,0,0,0,19,0,0,0,0,0,0,0,0,0,0,0,0,17,0,0,23,7,0,0,0,0,0,0,0,0,0,0,24,30,20,0,0,0,15,0,0,0,0,0,0,0,0,0,0,0,0,0,0,0,0,0,0,0,0,0,0,0,0,0,0,0,0,0,0,0,0,15,0,0,0,0,0,0,28,0,0,0,0,0,0,0,0,0,0,0,0,0,0,18,0,0,0,0,0,0,0,0,0,0,0,0,0,0,0,0,0,3,0,0,0,0,0,0,20,0
0,0,0,0,0,0,0,0,0,0,0,14,0,0,0,0,0,0,0,0,4,0,0,0,11,0,12,19,0,0,0,0,4,0,0,0,0,0,0,0,0,0,0,0,0,0,0,0,0,0,0,0,0,3,0,0,0,0,0,0,0,0,0,0,0,0,30,0,0,0,0,0,0,0,0,0,7,0,2,0,0,0,0,0,0,0,0,0,0,0,0,0,0,0,0,0,0,7,0,0,23,3,0,0,0,0,0,0,14,0,0,0,0,0,2,0,10,0,0,0,26,0,0,0,0,0,0,0,0,0,0,0,0,0,0,0,0,11,0,0,0,0,0,0,0,0,0,0,0,0,0,28,0,0,0,0,0,0,24,23,26,0,0,0,0,0,23,0,0,0,0,0,0,0,0,0,0,0,0,0,0,0,23,0,0,0,6,0,0,0,0,0,0,0,0,0,0,0,0,0
0,0,0,0,0,0,0,0,0,0,0,0,0,0,0,0,0,0,0,0,0,0,0,0,0,27,0,0,0,0,0,0,29,0,0,0,0,26,0,0,0,0,0,0,0,0,15,2,0,0,0,0,0,0,0,0,0,0,0,0,0,0,0,0,0,0,0,0,0,0,0,0,0,0,0,0,0,0,0,0,10,0,13,0,0,14,0,0,0,0,0,0,0,0,0,0,0,0,0,0,0,0,0,0,0,0,10,0,0,0,0,0,0,0,0,0,29,0,0,0,0,0,15,0,0,0,0,0,0,0,0,0,0,0,0,0,0,13,0,0,0,0,0,0,0,0,0,0,0,0,0,0,0,0,0,0,9,0,0,0,0,0,0,0,0,0,0,0,0,0,0,0,0,0,25,0,0,0,0,0,0,0,0,0,0,0,0,0,28,0,0,0,0,0,0,0,0,0,0,0
0,13,0,0,0,0,0,28,0,0,0,7,0,24,0,0,0,23,0,0,11,0,0,0,0,0,0,18,0,0,0,0,0,0,0,0,0,0,0,0,0,0,0,0,0,0,0,0,3,0,0,0,0,3,0,0,23,22,0,0,0,0,0,0,0,0,0,19,20,0,0,17,0,0,0,0,0,0,0,1,0,0,0,0,0,0,0,15,0,0,0,0,0,0,0,0,28,0,0,0,0,0,9,0,0,0,0,2,0,0,0,0,0,0,0,0,0,0,0,0,0,0,0,11,0,0,0,1,0,0,20,0,0,0,0,0,0,0,0,0,0,0,0,0,0,0,15,0,0,0,14,17,15,0,0,0,0,0,0,0,0,0,0,0,0,29,0,0,0,0,0,9,0,5,0,0,14,1,0,0,0,0,0,0,0,23,0,0,0,0,0,22,0,0,0,0,0,0,22,0
0,0,0,0,0,0,0,0,0,0,0,0,0,0,0,0,0,0,0,0,0,0,0,0,0,0,0,0,0,0,0,6,0,0,0,0,0,0,6,0,27,0,17,0,0,0,0,0,0,0,0,0,0,0,0,0,0,0,0,0,0,0,0,0,0,0,0,0,0,0,0,0,0,0,0,0,0,0,0,0,0,0,0,0,0,30,0,0,0,0,4,0,0,0,0,0,0,0,16,0,0,0,0,0,0,16,18,0,0,20,0,0,0,0,0,0,0,28,0,0,0,0,0,0,7,0,0,0,0,0,0,0,0,0,0,0,0,0,0,0,0,0,0,0,0,0,0,0,0,0,0,0,0,0,2,0,0,0,0,0,0,0,0,0,0,0,0,0,0,0,0,0,0,0,2,0,0,0,0,0,0,0,0,13,0,0,0,0,0,0,0,0,0,21,26,0,0,0,0,0
0,0,0,0,0,0,0,0,0,0,0,18,2,9,0,0,0,0,0,0,30,0,0,12,0,0,0,0,0,0,0,0,0,0,0,0,0,0,0,0,0,0,0,0,0,0,0,0,27,0,0,16,0,0,0,0,27,0,0,0,0,0,0,0,0,0,0,0,0,22,0,1,0,18,0,0,0,0,0,9,0,0,0,0,0,0,0,0,0,0,0,0,0,0,0,0,0,0,0,0,0,0,6,3,0,0,0,0,0,0,0,0,0,0,0,0,0,0,0,0,0,3,0,29,0,0,0,20,0,0,0,0,0,0,0,0,0,0,0,0,0,0,0,0,0,0,0,0,0,0,0,0,0,0,0,0,0,0,0,0,0,0,0,29,21,0,0,0,0,2,0,0,0,6,0,0,0,0,0,0,0,0,0,0,0,0,0,0,0,0,0,0,24,0,0,0,0,29,0,4
0,0,0,0,0,0,0,0,0,0,29,0,0,9,0,0,0,0,0,0,0,0,0,0,0,0,0,11,22,0,0,0,0,0,0,0,0,0,0,0,0,0,0,0,0,0,0,0,29,10,0,27,2,0,0,21,0,29,0,0,9,0,22,0,0,0,0,0,0,18,0,0,0,18,0,5,0,15,0,0,0,0,0,0,0,0,0,0,0,0,0,0,0,0,0,0,0,0,0,0,0,0,0,15,0,0,0,23,0,0,0,0,0,10,0,0,27,0,12,0,0,0,0,14,0,0,0,0,0,0,25,0,0,0,0,0,0,0,0,0,0,0,0,0,0,0,0,0,0,0,0,0,0,0,0,0,0,0,0,0,0,23,0,0,12,12,0,0,0,17,0,10,0,16,0,0,0,0,0,0,0,0,0,0,0,0,0,0,0,0,0,0,19,0,0,0,0,0,0,0
0,0,0,0,16,0,0,0,0,0,0,0,26,4,0,0,0,28,0,0,0,0,16,0,0,0,0,0,27,0,0,0,0,0,0,0,0,0,0,4,0,0,0,0,19,0,0,0,0,11,0,3,11,0,0,0,0,0,0,0,0,0,0,0,14,0,0,18,0,29,0,0,0,20,0,25,0,0,0,0,0,0,0,0,0,0,0,0,0,0,0,0,0,24,0,0,0,0,0,0,0,0,0,0,0,0,0,0,0,0,0,18,0,0,0,0,0,0,0,0,4,0,0,0,0,0,25,0,0,0,0,0,0,0,0,0,0,0,0,0,0,9,0,0,0,22,0,0,8,0,0,0,23,27,0,17,17,0,0,0,0,3,0,7,0,0,0,0,0,0,0,0,25,0,0,0,0,0,16,15,0,0,10,0,0,0,0,0,0,0,0,0,0,0,0,0,0,0,0,0
0,0,0,0,0,20,0,25,0,0,0,1,0,0,0,0,0,0,0,0,0,0,0,0,20,0,0,2,0,0,0,0,22,0,0,0,0,24,0,0,0,0,0,0,0,0,0,6,0,0,0,0,0,27,0,0,9,0,0,0,0,1,0,0,0,0,0,0,0,0,0,0,0,0,0,0,0,0,0,0,0,0,0,0,0,0,0,0,0,0,0,0,0,0,0,0,0,6,0,0,0,13,0,0,0,0,0,0,0,0,22,0,0,2,18,0,0,0,21,0,20,0,30,0,0,0,0,0,0,0,0,0,0,0,30,0,0,0,0,0,0,0,0,0,0,0,0,0,10,0,0,24,0,0,0,0,0,0,18,27,17,0,0,0,0,0,0,0,0,0,0,0,0,0,0,0,0,0,0,0,0,0,0,0,0,0,0,0,0,0,0,0,0,0,0,0,0,0,26,0
0,0,0,0,0,0,0,0,0,0,13,23,0,0,0,0,0,12,0,0,0,0,0,0,0,0,0,0,17,0,0,0,23,0,0,0,0,26,0,0,0,0,0,0,0,0,0,0,0,0,0,0,0,29,0,0,0,0,0,0,0,0,14,0,0,0,0,0,0,0,0,2,0,0,0,0,14,7,21,0,0,0,0,0,0,0,0,0,0,0,0,25,0,0,0,0,0,2,0,0,0,28,0,0,0,0,0,0,19,0,0,0,0,4,13,0,0,0,0,0,0,2,30,0,0,0,0,0,0,0,0,0,0,0,0,5,0,0,0,0,0,0,0,0,0,0,0,0,27,0,0,0,0,0,0,0,0,0,0,0,13,18,0,0,0,28,3,0,0,0,0,0,0,29,0,0,0,0,0,7,0,0,0,0,0,0,0,0,0,0,0,0,0,0,0,0,0,17,0,8
0,0,0,0,0,0,0,0,0,0,0,0,0,0,0,0,0,0,0,0,0,0,0,0,0,2,0,0,0,0,0,0,25,0,0,0,0,0,0,0,0,0,0,0,0,0,0,0,0,0,0,0,0,0,0,0,0,0,0,0,0,0,0,0,0,0,0,0,0,0,0,0,0,0,0,0,0,0,0,0,0,0,0,8,0,0,0,0,0,1,0,0,0,0,0,0,0,0,0,0,0,0,0,0,0,0,0,0,27,0,4,0,0,0,0,0,0,0,0,19,0,0,14,0,0,0,0,0,0,0,0,0,0,0,0,24,0,0,0,0,0,0,0,0,0,0,0,0,0,0,0,0,0,0,0,0,0,0,0,0,0,0,0,0,0,0,0,0,0,0,0,0,0,0,0,0,0,0,0,0,0,0,0,0,0,0,0,0,0,0,0,0,0,0,0,0,0,0,0,0
0,0,18,0,0,0,0,29,0,0,0,0,0,0,8,0,0,0,0,0,0,0,0,0,0,0,0,18,0,0,0,0,0,0,0,0,13,0,0,0,0,0,0,0,0,0,0,0,0,0,0,0,0,23,10,0,0,0,0,0,0,0,0,0,0,0,0,0,0,0,1,0,0,0,0,0,0,0,0,0,0,0,0,0,0,0,0,12,0,0,0,0,0,0,0,0,0,0,0,0,0,0,0,0,17,0,0,0,0,0,0,0,0,0,0,0,0,0,0,0,0,0,0,0,0,0,0,0,20,0,0,0,0,0,0,0,18,0,0,0,0,0,0,0,0,0,0,0,0,0,0,0,0,0,0,0,0,0,0,0,0,0,0,0,0,0,0,0,0,0,0,0,0,0,0,0,0,16,0,0,0,0,0,0,0,2,0,8,0,0,0,0,0,0,0,0,0,0,0,0
0,0,0,0,0,0,0,0,0,0,0,0,0,0,0,0,0,0,0,0,0,0,0,0,0,22,0,0,0,0,0,0,0,0,0,0,0,23,0,0,0,0,0,0,0,0,24,11,0,0,0,0,0,0,0,0,0,0,0,0,0,28,0,0,0,0,0,0,0,0,0,0,0,0,0,0,0,0,0,0,8,0,0,0,0,0,0,0,0,23,0,0,0,0,0,0,0,0,0,19,11,17,0,0,0,0,0,0,28,0,0,0,0,0,26,0,0,0,0,0,0,0,0,0,0,0,0,0,0,0,0,0,0,0,0,0,0,0,0,0,0,0,0,0,0,0,0,0,0,0,0,0,0,0,0,0,0,0,0,0,26,0,0,0,0,0,0,0,0,0,0,0,0,0,0,0,0,0,0,0,0,0,0,0,0,0,0,0,0,0,0,0,0,0,0,0,0,0,0,0
0,0,0,0,0,0,0,0,0,0,0,0,0,0,0,0,0,0,0,0,0,0,0,0,24,0,0,0,0,0,0,0,26,0,0,0,0,25,0,0,0,0,0,0,0,0,0,0,0,0,0,0,0,0,0,0,0,0,0,0,0,2,0,0,0,0,0,0,0,0,0,0,8,0,0,0,0,0,0,0,0,0,21,0,0,0,0,0,0,0,0,0,0,0,0,0,0,0,0,0,0,0,0,0,0,0,0,0,0,0,2,0,0,0,28,0,0,0,0,5,0,0,0,0,0,0,0,0,0,0,0,0,0,0,0,0,0,30,0,0,0,0,0,0,0,0,0,0,0,0,0,0,0,0,0,0,0,0,0,0,0,0,0,0,0,0,3,0,0,0,0,0,0,0,0,0,0,0,0,0,0,0,0,0,0,0,23,0,0,0,0,0,0,0,0,0,0,0,0,0
0,0,0,0,0,14,0,0,0,0,0,9,0,0,0,0,0,0,0,0,0,0,0,0,0,0,0,16,0,0,0,0,0,0,0,0,0,3,0,0,0,0,0,0,0,0,7,13,0,0,0,0,0,0,25,0,0,0,0,0,0,0,0,0,0,0,0,0,0,0,0,9,0,0,0,0,0,0,27,10,0,0,0,0,0,0,0,24,0,0,0,0,0,0,0,0,0,8,0,0,0,18,0,0,0,0,0,0,0,0,18,0,21,2,7,0,0,0,0,0,0,0,3,0,0,0,0,0,0,26,0,0,0,0,14,0,0,0,0,0,0,0,0,0,0,0,0,0,0,0,0,0,0,0,0,0,0,0,0,19,11,0,0,0,0,0,16,0,0,0,0,0,0,0,0,0,0,2,0,0,0,0,0,0,0,0,0,0,0,0,0,22,0,0,0,0,0,0,0,0
0,0,0,0,0,0,0,0,26,0,0,0,0,0,0,0,0,0,0,0,0,0,0,0,0,0,0,0,0,0,0,11,0,0,0,0,0,0,0,0,11,8,0,0,0,11,0,0,0,0,0,0,0,0,0,0,0,0,0,0,0,0,0,0,0,0,0,0,0,0,0,0,0,0,0,0,0,0,0,0,0,0,0,0,0,0,0,0,0,0,0,0,0,0,0,24,0,0,0,0,0,0,0,0,0,0,0,0,0,20,0,0,0,0,0,0,0,0,0,0,0,0,0,0,4,0,0,0,0,0,0,0,0,0,0,0,0,0,0,0,0,0,0,0,0,0,0,0,0,0,0,0,0,0,0,0,0,0,0,0,0,0,0,0,0,0,0,17,0,0,0,0,0,0,0,0,0,0,0,0,0,0,0,29,0,0,0,0,9,0,0,0,0,15,0,0,0,0,0,0
0,25,9,0,0,0,14,0,0,0,0,0,0,0,0,0,0,0,13,0,0,0,0,0,0,0,0,0,21,0,0,0,0,0,0,0,0,0,0,0,0,0,0,0,0,0,0,0,0,0,0,0,0,0,0,0,0,0,0,0,0,0,0,25,0,0,0,0,0,0,0,0,0,11,0,0,0,0,0,0,0,0,0,0,0,0,0,0,0,0,0,0,0,0,0,0,0,0,0,0,0,0,0,0,0,0,0,27,0,0,0,0,0,0,0,0,0,0,0,0,0,26,0,29,0,0,0,0,0,0,0,0,0,0,0,0,0,0,0,0,0,0,0,0,0,0,0,7,0,0,0,0,0,0,0,0,0,0,0,0,0,0,0,0,2,0,0,0,5,0,0,0,0,0,0,0,17,0,0,10,0,0,0,0,0,0,0,16,0,0,0,0,0,0,0,8,0,0,0,0
15,0,0,0,0,16,23,16,0,0,0,30,0,0,25,0,0,0,0,0,0,0,0,0,0,0,0,0,0,0,1,0,0,0,0,0,18,0,0,0,0,0,0,0,0,0,0,0,0,0,0,0,0,0,0,0,0,0,0,0,0,0,0,0,0,0,0,0,0,0,21,0,0,0,0,0,0,0,0,0,0,0,0,0,0,0,0,0,0,0,0,0,0,0,12,0,1,13,0,0,0,0,0,6,16,0,0,0,0,0,0,0,0,0,0,0,0,0,0,0,0,14,0,0,0,0,0,0,0,0,0,0,0,0,0,0,0,0,0,0,0,0,0,0,0,0,0,0,0,19,0,16,0,0,0,0,0,0,0,2,0,0,0,0,0,0,0,0,0,0,0,0,0,17,0,0,0,17,0,0,0,0,0,0,0,0,0,0,0,0,0,17,0,0,0,0,0,0,0,0
0,0,0,0,0,0,0,0,18,24,0,0,30,0,0,0,3,0,0,0,0,0,3,0,0,0,0,0,0,0,0,0,0,0,0,0,0,0,0,0,0,0,0,3,18,0,0,0,0,0,0,0,0,0,0,0,0,0,1,0,0,0,0,0,8,0,0,0,0,0,0,0,0,0,0,0,0,0,0,0,0,0,0,0,0,0,0,0,0,0,10,0,0,0,0,16,0,0,0,0,0,0,0,0,0,3,0,0,0,0,0,0,0,0,0,0,0,27,0,0,0,0,0,0,0,12,0,0,0,0,0,0,0,0,0,0,0,0,0,0,0,0,0,0,0,0,0,0,0,0,0,0,0,0,0,20,0,0,0,0,0,9,0,0,0,0,0,13,0,0,0,0,0,0,0,0,0,0,0,0,12,0,0,0,27,0,0,0,0,0,0,0,0,0,18,0,0,0,0,0
0,0,0,0,0,0,0,0,0,0,0,0,0,0,0,0,0,0,0,0,0,0,0,0,0,28,0,0,0,0,0,0,7,0,0,0,0,0,0,0,20,0,0,0,0,0,21,0,0,0,0,0,0,0,0,0,0,0,0,0,0,0,0,0,0,0,0,0,0,0,0,0,2,0,0,0,0,0,0,0,0,0,0,23,0,18,0,0,0,0,0,0,0,0,0,0,0,0,0,0,0,0,0,0,0,0,28,0,0,0,0,0,0,0,0,0,0,0,0,0,0,0,0,0,11,0,0,0,0,0,0,0,0,0,0,0,0,9,0,0,0,0,0,0,0,0,0,0,0,0,0,0,0,0,0,0,0,0,0,0,0,0,0,0,0,0,0,0,0,0,0,0,0,0,11,0,0,0,0,0,0,0,0,0,0,0,0,0,0,0,0,0,0,0,0,0,0,0,0,0
0,0,0,0,0,0,0,0,0,0,0,0,0,0,0,0,0,0,0,0,0,0,0,0,0,10,0,0,0,0,0,0,0,0,0,0,0,0,0,0,0,12,8,14,0,0,0,0,0,0,0,0,0,0,0,0,0,0,17,0,0,0,0,0,0,0,0,0,0,0,0,0,0,0,0,0,0,0,0,0,0,0,0,0,0,15,0,0,0,0,0,0,0,0,0,12,0,0,20,0,0,0,0,0,0,26,0,0,0,0,0,0,0,0,0,11,0,23,0,0,0,0,0,0,0,0,0,0,0,0,0,0,0,0,0,0,0,0,12,0,23,0,0,21,0,0,0,0,0,0,0,0,0,0,1,0,20,0,0,0,0,0,23,0,0,0,0,0,0,0,0,0,0,0,11,0,0,0,0,0,0,0,0,30,0,0,0,0,0,0,0,0,0,16,0,0,0,0,0,0
0,0,0,0,21,0,0,0,0,0,0,0,0,4,0,29,8,0,0,0,27,0,0,0,0,0,0,0,0,0,0,0,0,26,0,0,0,0,0,0,0,0,0,0,0,0,0,0,0,14,6,0,18,0,0,0,0,0,0,0,0,0,8,0,30,0,1,0,5,0,0,0,0,0,0,22,21,10,0,0,0,0,0,0,0,0,0,0,0,0,0,0,0,0,0,0,0,0,0,0,0,0,0,0,0,0,0,0,0,0,0,3,0,0,0,0,6,0,0,0,0,0,16,17,0,0,20,0,0,0,0,0,0,0,0,21,0,0,0,0,4,0,0,0,20,0,0,0,0,0,0,0,0,0,0,0,0,0,0,0,0,0,0,13,0,0,0,0,0,0,0,11,0,0,0,0,0,0,11,0,0,0,0,0,0,0,0,0,1,0,0,0,0,0,0,0,0,0,0,0
0,0,0,0,0,0,0,0,0,0,0,0,25,0,0,0,0,0,0,0,0,0,18,0,0,0,0,0,0,0,0,0,0,0,15,0,0,0,0,27,0,0,0,0,0,0,0,0,0,0,22,0,0,0,0,0,0,0,0,0,0,0,0,21,0,20,0,0,0,0,0,0,0,0,0,0,0,0,0,0,0,0,0,0,0,0,0,0,0,0,0,0,0,0,0,0,0,0,0,0,0,0,0,0,0,0,0,0,0,0,0,0,0,0,0,0,0,0,0,0,0,0,0,0,0,0,0,0,0,0,0,0,0,2,0,0,0,0,0,0,0,0,0,0,0,20,0,0,0,0,0,0,0,0,0,8,0,0,0,0,0,0,0,0,0,0,0,0,0,0,7,0,22,0,0,0,0,0,0,0,0,0,0,0,1,0,0,0,0,0,24,0,0,0,0,15,0,0,0,0
0,0,0,0,15,0,0,0,20,0,0,0,0,0,0,0,19,0,0,0,0,0,0,0,0,0,0,0,0,0,0,0,0,0,0,0,0,0,0,0,12,0,30,26,14,0,0,16,0,8,0,0,0,0,0,0,0,0,15,0,0,0,0,0,0,0,28,6,0,0,0,0,17,0,0,0,0,0,0,0,0,0,0,0,0,5,0,0,6,0,30,4,0,0,0,0,0,0,0,0,0,0,0,0,0,0,17,0,6,0,0,0,0,0,0,29,30,0,0,0,0,0,0,0,0,28,24,0,0,0,0,0,0,0,0,0,0,12,25,0,21,2,0,0,0,0,0,0,0,0,0,0,0,0,16,0,5,0,0,0,0,30,0,0,0,0,0,0,0,0,0,0,0,0,20,0,0,0,9,0,0,0,0,0,0,0,0,0,28,0,0,0,0,0,15,0,0,0,0,14
27,0,20,1,0,0,23,14,0,0,0,0,0,0,2,0,0,0,0,7,0,0,0,0,0,0,0,22,13,0,28,0,0,0,0,24,0,0,0,0,0,0,0,0,0,0,0,0,0,0,0,0,0,0,1,0,0,0,0,0,20,0,0,0,0,0,0,0,0,0,0,0,0,22,0,0,0,0,0,0,0,23,0,0,0,0,17,0,0,0,0,0,0,0,0,0,21,0,0,0,0,0,0,5,0,0,0,0,0,0,0,0,0,0,0,0,0,0,0,0,0,0,0,0,0,0,0,0,0,0,0,0,0,0,0,0,0,0,0,0,0,0,0,0,0,0,0,0,0,23,0,0,0,0,0,0,0,0,0,0,0,0,0,0,0,25,0,0,0,0,0,0,0,0,0,0,15,20,0,22,0,0,0,0,0,10,0,5,0,0,0,7,0,0,0,0,0,0,0,0
0,0,0,0,0,0,0,0,19,12,0,0,0,0,0,0,0,0,0,0,0,0,0,0,0,0,0,0,0,0,0,15,0,0,0,0,0,0,12,0,1,0,0,19,0,0,0,0,0,0,0,0,0,0,0,0,0,0,4,0,0,0,0,0,0,0,0,0,0,0,0,0,0,0,4,0,0,0,0,0,0,0,0,0,0,0,0,0,0,0,0,0,0,18,0,0,0,0,0,0,0,0,0,0,0,20,0,0,0,0,0,0,0,0,0,29,0,6,0,0,0,0,0,0,23,0,0,0,0,0,0,0,0,0,0,0,0,0,23,0,26,0,0,22,0,0,0,0,0,0,0,0,0,0,9,0,0,0,0,0,0,0,0,0,0,0,0,0,0,0,0,0,0,0,0,0,0,0,0,0,0,0,0,21,0,0,0,0,1,0,0,0,0,0,30,0,0,0,0,0
10,0,8,9,0,0,0,12,0,0,8,0,0,0,30,0,0,0,0,0,0,0,0,0,0,0,0,0,0,0,2,0,0,0,0,22,0,0,0,0,0,0,0,0,0,0,0,0,0,0,0,0,0,0,0,16,0,24,0,0,22,0,0,0,0,0,0,0,0,0,0,0,0,0,0,0,0,0,0,0,0,20,0,0,0,0,23,0,0,0,0,0,0,0,0,0,0,0,0,0,0,0,16,0,24,0,0,0,0,0,0,0,0,0,0,0,0,0,0,0,0,0,0,5,0,0,0,18,4,17,0,0,0,0,0,0,7,0,0,0,0,0,0,0,0,0,0,0,0,0,17,0,0,0,0,0,0,0,0,0,0,0,0,0,0,10,0,0,22,0,0,0,0,21,0,0,0,0,0,0,0,0,0,0,0,0,0,9,0,0,0,0,0,0,0,0,0,0,0,0
0,0,0,0,0,14,0,24,0,0,0,0,0,0,0,0,0,0,0,0,0,0,0,0,0,0,0,5,0,0,0,0,0,0,0,1,0,0,0,0,0,0,0,0,0,0,0,0,0,0,0,0,0,20,14,12,0,0,0,0,0,0,0,0,0,0,0,0,0,0,0,0,0,0,0,0,0,0,0,0,0,4,0,0,0,0,0,0,0,0,0,0,0,0,0,0,0,0,0,0,2,24,0,0,10,0,0,0,0,0,0,0,0,0,0,0,0,0,0,0,0,0,0,0,0,0,0,0,0,0,0,0,0,0,0,0,0,0,0,0,0,0,0,0,0,0,0,0,0,0,0,8,0,0,0,0,0,0,0,16,0,0,0,0,0,0,3,0,0,0,0,0,0,15,0,0,0,0,0,0,0,0,0,0,0,0,7,0,0,0,0,28,0,0,0,0,0,0,8,0
0,0,0,0,0,0,0,0,0,16,0,0,0,0,0,0,0,0,0,0,0,0,0,0,0,0,0,0,0,0,0,0,0,0,0,0,0,0,0,0,28,0,0,0,0,0,0,0,0,0,0,0,0,0,0,0,0,0,10,0,0,0,0,0,0,0,0,0,0,0,0,0,0,0,0,0,0,0,0,0,0,0,0,0,0,1,0,0,0,0,0,0,0,0,0,13,0,0,0,0,0,0,0,0,0,7,0,0,0,9,0,0,0,0,0,10,0,24,0,0,0,0,0,0,13,0,0,0,0,0,0,0,0,0,0,0,0,0,0,0,0,0,0,0,0,0,0,0,0,0,0,0,0,0,0,0,0,0,0,0,0,0,0,0,0,0,0,0,0,0,0,0,0,0,14,0,0,0,0,0,0,0,0,0,0,0,0,0,0,0,0,0,0,0,0,0,0,0,0,0
0,0,0,0,0,0,0,0,0,0,0,0,0,0,0,0,0,0,0,0,0,0,0,0,0,0,0,0,0,0,0,0,0,0,0,0,0,0,0,0,0,0,0,0,0,0,0,0,0,0,0,0,0,0,0,0,0,0,0,0,0,0,0,0,0,0,0,0,0,0,0,0,0,0,0,0,0,0,0,0,0,0,0,30,0,0,0,0,0,0,0,0,0,0,0,0,0,0,0,0,0,0,0,0,0,0,0,0,0,0,0,0,0,0,0,0,0,0,0,0,0,0,0,0,0,0,0,0,0,0,0,0,0,0,0,0,0,0,0,0,0,0,0,0,0,0,0,0,0,0,0,0,0,0,0,0,0,0,3,0,0,0,0,0,0,0,0,0,0,0,0,0,0,0,0,0,0,0,0,0,0,0,0,0,0,0,9,0,0,0,0,0,0,0,0,0,0,0,0,0
0,0,0,0,0,0,0,0,0,0,0,0,0,0,0,0,0,0,0,0,25,0,0,0,27,0,13,0,0,0,0,0,0,0,0,0,0,0,0,0,0,0,0,0,0,0,0,16,0,0,0,0,0,0,0,0,0,0,0,0,0,0,0,0,0,0,0,0,0,0,0,0,0,0,0,0,0,0,9,8,0,0,0,14,4,0,0,0,0,0,0,0,0,0,0,0,0,0,0,0,0,6,0,0,0,0,0,0,0,0,0,0,17,0,25,0,0,0,2,14,4,0,0,0,0,0,0,0,0,30,0,0,0,0,0,0,0,0,0,0,0,0,0,0,0,0,0,0,29,0,0,0,0,0,0,0,0,0,0,11,0,0,0,0,0,0,0,0,0,0,0,0,0,0,0,0,0,0,0,0,0,0,0,0,0,0,9,0,0,0,0,0,0,0,0,0,0,0,0,0
0,0,0,0,0,0,0,18,0,0,0,0,0,0,0,0,0,0,0,0,13,0,0,0,28,0,18,0,0,0,0,0,0,0,0,0,0,0,0,0,0,0,0,0,0,0,14,0,0,0,0,0,0,0,0,0,15,0,0,0,0,0,0,0,0,0,0,0,0,0,0,0,0,0,0,0,0,0,0,0,0,0,0,11,0,0,0,0,0,0,0,0,0,0,0,0,0,0,0,0,0,0,0,0,0,0,0,0,0,0,0,0,19,0,20,0,9,0,18,14,0,0,0,0,0,0,0,0,0,21,0,0,0,0,0,0,0,0,0,18,0,0,0,0,0,0,0,0,2,0,0,29,0,0,0,0,0,0,20,29,27,0,0,0,0,0,11,0,0,0,0,0,0,0,0,0,0,0,0,0,0,0,0,0,0,0,6,0,0,0,0,22,0,0,0,0,0,0,0,0
0,0,0,0,0,0,0,5,0,0,3,28,0,0,11,0,0,0,0,10,0,0,0,0,0,0,0,0,18,0,4,0,0,0,0,7,19,0,0,0,0,0,0,0,0,0,0,0,0,0,0,0,0,0,0,23,0,0,0,0,0,0,26,0,0,0,0,0,0,0,27,4,0,0,0,0,17,0,0,23,0,3,0,0,0,0,0,28,0,0,0,0,0,0,19,0,0,8,0,0,0,0,0,0,13,0,0,0,0,0,0,0,0,12,0,0,0,0,24,0,0,0,0,15,0,0,0,0,0,17,0,0,0,0,0,0,0,0,0,0,0,0,0,0,0,0,0,0,21,0,0,20,0,0,0,0,0,0,0,22,0,0,0,3,0,28,0,0,0,0,0,0,0,19,0,0,7,19,0,10,0,0,0,0,0,19,0,0,0,0,0,0,0,0,0,0,0,17,0,0
0,11,0,17,0,0,0,17,0,0,28,0,0,0,23,0,0,0,0,0,0,0,0,0,0,0,0,0,28,0,0,0,0,0,0,22,0,0,0,0,0,0,0,0,0,0,0,0,11,0,0,0,0,0,0,0,0,0,0,0,0,0,0,0,0,0,0,0,0,28,0,0,0,2,0,0,0,0,0,0,0,23,0,0,0,0,25,0,0,0,0,0,0,0,0,0,5,0,0,0,0,0,7,0,0,0,0,0,0,0,0,0,0,30,0,0,0,0,0,0,0,10,0,0,0,0,0,4,0,0,0,0,0,0,0,0,0,0,0,0,0,0,0,0,0,0,20,0,0,0,22,0,0,0,0,0,0,0,0,0,0,0,0,0,0,0,0,0,8,0,0,0,0,8,0,0,0,3,0,0,0,0,0,0,0,13,0,18,0,0,0,11,2,0,0,0,0,25,0,0
0,0,0,0,0,0,18,15,0,0,0,0,0,0,11,0,0,0,0,0,0,0,0,0,0,0,0,4,0,0,30,0,0,0,0,0,0,0,0,0,0,0,0,0,0,0,0,0,0,0,0,0,0,0,23,29,0,0,0,0,0,0,0,0,0,0,0,0,0,0,1,0,0,0,0,0,0,0,0,0,0,0,0,0,0,0,0,0,0,0,0,0,0,0,19,0,0,0,0,0,0,0,0,16,0,0,0,0,0,0,0,0,0,0,0,0,0,0,0,0,0,30,0,0,0,0,0,12,0,23,0,0,0,0,0,0,0,0,0,0,0,0,0,0,0,0,0,0,0,0,0,0,0,0,0,0,0,0,0,0,0,0,0,0,0,0,0,0,0,0,0,0,0,1,0,0,13,0,0,0,0,0,0,0,0,0,0,0,0,0,0,0,0,0,0,0,0,0,0,0
0,0,0,0,20,0,0,0,3,28,0,0,0,0,0,0,0,0,0,0,0,0,0,0,0,0,0,0,0,0,0,0,0,0,0,0,0,0,0,17,0,28,0,29,3,0,0,0,0,0,0,0,0,0,0,0,0,0,27,0,0,0,0,0,0,0,0,0,0,0,0,0,0,0,0,0,0,0,0,0,0,0,0,0,0,0,0,0,0,0,0,0,0,18,0,0,0,0,0,0,0,0,0,0,0,0,0,0,0,0,0,0,0,0,0,13,0,0,0,0,0,0,0,0,0,6,0,0,0,0,0,0,0,0,0,0,0,0,0,0,0,0,0,19,0,0,0,0,0,0,0,0,0,0,5,0,0,0,0,0,0,12,24,0,0,0,0,0,0,0,0,0,0,0,0,0,0,0,9,0,0,0,0,0,28,0,0,0,0,0,0,0,0,0,4,0,0,0,0,0
0,0,0,0,0,0,0,0,0,24,0,0,0,0,0,0,0,0,0,0,0,0,0,0,0,9,0,0,0,0,0,7,0,0,0,0,0,0,0,0,14,0,0,0,0,0,0,0,0,0,0,0,0,0,0,0,0,0,0,0,0,0,0,0,0,0,0,0,0,0,0,0,0,0,0,0,0,0,0,0,0,0,0,0,0,24,0,0,0,0,19,0,0,0,0,8,0,0,0,0,0,0,0,0,0,0,0,0,6,0,0,0,0,0,0,0,0,0,0,0,0,0,0,0,0,0,0,0,0,0,0,0,0,0,0,16,0,0,26,0,0,0,0,0,0,0,0,0,0,0,0,0,0,0,12,0,8,0,0,0,0,0,0,0,0,0,0,25,0,0,0,0,0,0,1,0,0,0,0,0,0,0,0,0,0,0,0,0,0,0,0,0,0,22,17,0,0,0,0,0
0,0,0,25,29,0,0,0,0,0,0,0,0,0,0,16,0,1,30,0,0,0,14,4,0,0,0,0,0,0,0,0,0,0,9,0,0,0,0,0,0,0,0,0,0,0,0,0,0,11,0,12,0,0,0,0,0,3,0,0,0,0,17,0,30,0,0,0,0,0,0,0,0,0,0,6,0,10,0,0,0,0,0,0,0,0,0,0,0,0,0,17,0,0,0,0,0,0,0,0,0,0,0,0,0,0,0,0,0,0,0,0,0,0,0,0,0,0,0,0,0,0,0,16,0,0,0,0,0,0,0,0,0,7,0,0,0,0,0,0,0,29,0,0,0,0,28,0,0,0,29,0,0,1,0,0,0,19,0,0,0,14,0,26,11,22,0,0,0,0,0,0,0,0,0,0,0,0,0,19,0,0,0,0,0,0,0,0,0,28,0,0,0,0,0,11,0,0,0,28
0,0,0,0,0,0,0,0,0,0,0,27,0,0,0,0,0,0,0,0,12,0,0,0,0,6,0,0,0,0,0,0,30,0,0,0,0,24,0,0,0,0,0,0,0,0,0,0,0,0,0,0,0,0,0,0,11,0,0,0,0,0,0,0,0,0,6,9,0,0,0,0,21,0,0,0,0,0,0,0,0,0,0,0,0,0,0,0,0,0,0,19,0,0,0,0,0,0,0,0,0,3,0,0,0,0,0,0,0,0,0,0,0,0,0,0,0,0,23,0,29,0,6,0,0,0,0,0,0,0,0,0,0,0,0,13,0,18,0,0,0,0,0,0,0,0,0,0,22,0,0,0,0,0,0,0,19,0,0,24,0,11,0,0,0,0,0,14,0,0,0,0,0,0,0,0,0,0,0,0,0,0,8,0,0,0,0,0,11,0,0,0,0,0,0,0,0,0,0,13
0,0,0,0,0,0,0,0,0,0,0,0,0,0,0,0,0,0,0,0,0,0,0,0,0,0,0,0,0,0,0,0,0,0,0,0,0,0,0,0,5,0,0,0,0,0,0,0,0,0,0,0,0,0,0,0,0,0,4,0,0,0,0,0,0,0,0,0,0,0,0,0,0,0,0,0,0,0,0,0,0,0,0,0,0,0,0,0,0,0,29,0,0,0,0,23,0,0,0,0,0,0,0,0,0,0,4,0,0,0,0,0,0,0,0,0,0,14,0,0,0,0,0,0,5,0,0,0,0,0,0,0,0,0,0,0,0,0,21,0,0,0,0,0,0,0,0,0,0,0,0,0,0,0,11,0,0,0,0,0,0,0,0,0,0,0,0,0,0,0,0,0,0,0,2,0,0,0,0,0,0,0,0,18,0,0,0,0,26,0,0,0,0,0,30,0,0,0,0,0
0,0,0,0,0,2,0,0,0,0,0,0,0,0,0,0,0,0,0,0,0,0,0,0,23,0,0,0,0,0,0,0,0,0,0,0,0,0,0,0,0,0,0,0,0,0,29,4,0,0,0,0,0,0,0,0,20,0,0,0,0,8,0,0,0,0,0,0,0,0,0,23,26,0,0,0,0,0,0,0,0,0,1,0,0,0,0,0,0,20,0,0,0,0,0,0,0,0,0,24,7,13,0,0,0,0,0,0,5,0,0,0,30,0,22,0,0,0,0,0,0,0,0,0,0,0,0,0,0,0,0,0,0,0,0,27,0,10,0,0,0,0,0,0,0,0,0,0,0,0,0,0,0,0,0,0,0,0,7,15,6,0,0,0,0,0,0,0,0,0,0,0,0,0,0,0,0,0,0,0,0,0,0,0,0,0,0,0,0,0,0,0,0,0,0,0,0,0,0,0
0,0,0,0,6,0,0,0,0,0,0,0,0,0,0,0,0,0,0,0,0,0,26,0,0,0,0,0,0,11,0,0,0,12,0,0,0,0,0,12,0,0,0,0,0,0,0,0,0,0,0,0,8,0,0,0,0,0,0,0,0,0,0,0,21,0,0,13,0,0,0,0,0,0,0,0,0,0,0,0,0,0,0,0,0,0,0,0,22,0,0,0,0,0,0,0,0,0,0,0,0,0,0,0,0,24,0,0,0,0,0,0,0,0,0,0,0,1,0,0,0,0,0,0,0,0,0,0,0,0,0,0,11,0,0,0,0,0,0,0,0,0,0,27,0,0,0,0,0,0,0,0,0,0,16,0,0,0,0,0,0,0,0,0,0,0,0,14,0,2,0,0,13,0,0,0,0,0,0,0,0,15,0,0,30,0,0,0,0,0,0,0,0,0,0,0,0,0,0,0
0,0,0,0,0,0,0,0,0,0,0,17,0,0,0,0,0,0,0,0,21,0,0,0,0,0,0,0,0,0,0,0,0,0,0,0,0,10,0,0,0,0,0,0,0,0,0,5,0,0,0,0,0,0,0,0,0,0,0,0,0,0,0,0,0,0,0,0,0,0,0,7,0,0,0,0,0,0,8,0,0,0,21,19,0,0,0,0,0,0,0,0,0,0,0,0,0,4,0,0,0,0,0,0,0,0,0,0,0,0,0,0,0,5,16,0,0,0,0,29,0,0,0,0,0,0,0,0,0,0,0,0,0,0,7,0,0,0,0,3,0,0,0,0,0,0,0,0,0,0,0,28,0,0,0,0,0,0,0,29,22,0,0,0,0,0,28,0,0,0,0,0,0,0,0,0,0,0,0,0,0,0,0,0,0,0,4,0,0,0,0,25,0,0,0,0,0,0,0,0
0,0,0,0,0,0,30,2,0,0,0,14,0,0,12,0,0,19,0,0,0,0,0,0,0,0,0,0,5,12,0,0,0,0,0,0,15,0,0,0,0,0,0,0,0,0,0,0,0,0,0,17,0,3,11,4,27,10,0,0,0,0,18,0,0,0,0,28,0,0,0,27,0,19,0,23,0,0,0,0,0,0,0,0,0,0,0,16,0,0,0,0,0,0,0,0,10,29,0,0,18,11,0,0,0,0,0,0,0,0,0,0,0,0,0,0,0,0,28,0,0,0,21,0,0,0,0,0,0,0,0,0,0,0,0,0,0,0,0,0,0,0,0,0,0,0,0,0,28,0,0,23,0,0,0,0,0,0,0,22,0,0,0,30,0,0,0,0,0,0,0,24,0,0,0,0,2,0,0,0,0,0,13,0,0,0,0,0,0,0,0,9,0,0,0,0,0,15,0,0
0,0,0,0,0,0,0,0,0,0,0,13,0,0,0,0,0,0,0,0,18,0,0,0,0,0,20,0,0,0,0,0,29,0,0,0,0,0,0,0,0,0,0,0,0,0,0,0,0,0,0,0,0,26,0,0,0,0,0,0,0,0,0,0,0,0,0,0,0,0,0,0,0,0,0,0,0,0,0,0,0,0,0,0,0,0,0,0,0,0,0,0,0,0,0,0,0,7,0,0,0,0,0,0,0,0,0,0,0,0,0,0,0,11,0,0,0,0,0,19,25,0,0,0,0,0,0,0,0,2,0,0,0,0,0,0,0,0,0,0,0,0,0,0,0,0,0,0,0,0,0,22,0,0,0,0,0,0,15,0,0,0,0,0,0,0,2,0,0,0,0,0,0,0,0,0,0,0,0,0,0,0,0,0,0,0,15,0,0,0,0,26,0,0,0,0,0,0,0,0
0,0,0,0,0,0,0,0,0,0,0,0,0,0,0,0,0,0,0,0,0,0,0,0,0,0,0,0,0,0,0,0,0,0,0,0,0,0,25,0,0,0,30,0,0,29,0,0,0,0,0,0,0,0,0,0,0,0,28,0,0,0,0,0,0,0,12,0,0,0,0,0,0,0,29,0,0,0,0,0,0,0,0,0,0,30,0,0,0,0,0,0,0,0,0,0,0,0,0,0,0,0,0,0,0,0,2,0,0,21,0,0,0,0,0,0,0,29,0,0,0,0,0,0,0,0,0,0,0,0,0,0,0,0,0,0,0,0,22,0,22,0,0,23,0,0,0,0,0,0,0,0,0,0,0,0,0,0,0,0,0,0,0,0,0,0,0,0,0,0,0,0,0,0,10,0,0,0,0,0,0,0,0,9,0,0,0,0,16,0,0,0,0,23,0,0,0,0,0,0
0,0,0,0,0,0,0,0,0,0,0,0,0,0,0,0,0,0,0,0,0,0,0,0,0,0,0,0,0,0,0,0,0,0,0,0,0,0,0,0,0,0,0,0,0,0,0,11,0,0,0,0,0,0,0,0,0,0,0,0,0,0,0,0,0,0,0,28,0,0,0,0,0,0,0,0,0,0,5,3,0,0,0,0,0,0,0,0,0,0,0,0,0,0,0,0,0,0,0,0,0,0,0,0,0,0,0,0,6,0,19,0,0,10,26,0,0,0,20,0,0,0,0,0,0,0,0,0,0,0,0,0,0,0,0,0,0,0,0,0,0,0,0,0,0,0,0,0,0,0,0,13,0,0,0,0,0,0,4,0,0,0,0,0,0,0,30,0,0,0,0,13,0,0,0,0,0,0,0,0,0,0,19,0,0,0,0,0,0,0,0,0,0,0,0,0,0,0,0,0
0,0,0,0,0,0,0,0,10,0,0,0,0,0,0,0,0,0,0,0,0,0,0,0,0,0,0,0,0,0,0,0,0,0,0,0,0,0,11,0,17,27,0,12,26,0,0,0,0,0,0,0,0,0,0,0,0,0,22,0,0,0,0,0,0,0,0,0,0,0,0,0,0,0,0,0,0,0,0,0,0,0,0,0,0,0,0,0,0,0,0,0,0,26,0,0,0,0,0,0,0,0,0,0,0,14,5,0,0,0,0,0,0,0,0,0,0,0,0,0,0,0,0,0,0,22,25,0,0,0,0,0,0,0,0,0,0,0,0,0,10,0,0,0,0,0,0,0,0,0,0,0,0,0,0,0,0,0,0,0,0,0,0,0,0,0,0,0,0,0,0,0,0,0,0,0,0,0,24,0,19,0,0,28,0,0,0,0,0,0,0,0,0,17,0,0,0,0,0,0
0,0,0,0,0,0,0,9,0,0,0,28,0,2,0,16,0,0,0,0,0,0,0,0,0,0,0,28,0,0,0,0,20,0,0,0,0,18,0,0,0,0,0,0,0,0,19,12,0,0,0,0,0,1,0,0,22,0,0,0,0,17,0,0,0,0,0,0,0,0,0,18,0,23,0,15,0,0,0,21,0,0,0,0,26,0,0,0,0,0,0,17,0,0,0,0,0,10,0,0,0,0,0,0,0,0,0,0,0,0,0,0,19,0,28,0,0,0,0,0,0,0,19,27,0,0,0,0,0,0,0,0,0,0,0,0,0,0,0,0,0,0,0,0,0,0,0,0,0,0,0,0,0,0,0,0,0,0,0,0,0,0,0,9,0,0,0,0,0,0,0,0,0,0,0,0,0,0,0,0,0,0,0,0,0,0,4,0,0,0,0,0,0,0,0,0,0,22,4,7
0,0,0,0,0,0,0,0,0,0,0,0,0,0,0,0,0,0,0,0,0,0,0,0,0,0,0,0,0,0,0,0,7,0,0,0,0,0,0,0,0,0,0,0,0,0,17,0,0,0,0,0,0,0,0,0,0,0,0,0,0,0,0,0,0,0,0,0,0,0,0,0,0,0,0,0,0,0,11,0,0,0,12,0,0,0,0,0,0,0,0,0,0,0,0,0,0,0,0,25,0,0,0,0,0,0,0,0,0,0,11,0,0,0,0,0,0,0,0,0,0,0,0,0,0,0,0,0,0,0,0,0,0,0,3,0,0,0,0,0,0,0,0,0,0,0,0,0,0,0,0,0,0,0,0,0,0,0,2,0,21,0,0,0,0,0,0,0,0,0,0,0,0,0,0,0,0,0,0,0,0,0,0,0,0,0,8,0,0,0,0,0,0,0,0,0,0,0,0,0
0,0,0,0,0,12,0,0,0,0,0,23,0,30,0,0,0,0,0,0,20,0,0,0,25,12,0,1,0,26,0,0,0,15,0,0,0,0,0,0,0,0,0,0,0,0,15,28,0,0,0,0,0,0,0,0,0,0,0,0,0,20,0,0,0,0,1,2,0,0,0,0,0,0,0,22,6,0,0,27,0,0,0,0,1,0,0,0,0,0,0,9,0,16,0,0,0,0,0,0,0,8,0,0,0,0,0,0,0,0,4,0,0,1,0,0,23,0,19,0,0,0,0,1,0,0,0,0,0,0,0,0,0,0,0,13,0,0,0,0,0,0,0,0,0,0,0,0,0,0,0,22,0,0,0,0,24,0,20,0,29,0,0,0,0,0,25,0,0,0,0,29,0,0,0,0,0,0,0,0,0,0,23,0,0,0,0,0,27,0,0,0,0,0,0,0,0,5,0,0
0,10,30,12,0,0,8,0,0,0,0,0,0,20,14,11,0,15,0,23,0,0,0,0,0,0,0,19,1,0,0,0,0,0,0,4,27,0,0,0,0,0,0,0,0,0,0,0,3,0,0,7,0,0,0,0,0,0,0,0,30,0,0,0,0,0,0,0,0,13,0,0,0,29,0,0,22,0,0,0,0,11,0,0,0,0,0,0,0,0,0,0,0,0,4,0,1,0,0,0,0,0,23,0,0,0,0,0,0,0,0,0,0,22,0,0,0,0,0,0,0,0,0,0,0,0,0,0,0,0,0,0,0,0,0,0,26,0,0,0,0,0,16,0,0,0,0,6,0,0,17,0,0,0,0,0,0,0,0,0,0,0,0,3,0,0,0,0,0,0,0,0,0,0,0,0,0,18,0,0,0,0,0,0,0,9,0,0,0,0,0,0,10,0,0,0,0,8,0,0
0,0,0,0,0,8,0,0,0,0,0,0,0,0,0,0,0,0,0,0,29,0,0,0,0,9,0,0,0,0,0,0,0,0,0,0,0,0,0,0,0,0,0,0,0,29,0,16,0,0,0,0,0,0,0,0,5,0,0,0,0,29,0,0,0,0,0,0,0,0,0,6,0,0,0,0,0,0,0,0,0,0,21,18,0,0,0,0,0,0,0,0,0,10,0,0,0,0,0,0,16,18,0,0,0,0,0,0,0,0,20,0,10,0,8,0,17,0,0,0,21,0,0,0,0,0,0,0,0,0,0,0,0,0,0,0,0,16,0,0,0,0,0,0,0,0,0,0,12,0,0,21,0,0,0,0,20,0,0,0,0,0,0,5,0,0,27,0,0,0,0,0,0,0,0,0,0,0,0,0,0,0,0,0,0,0,0,0,0,0,0,0,0,0,0,0,0,0,0,16
0,0,0,11,0,0,0,0,0,0,12,0,0,0,14,0,0,0,0,0,0,0,0,0,0,0,0,1,0,0,0,0,0,0,0,0,15,0,0,0,0,0,0,0,0,0,0,0,0,0,0,0,0,14,0,1,23,0,0,0,13,0,11,0,0,0,0,21,2,8,0,21,0,0,0,0,0,11,0,10,0,0,0,0,0,0,0,0,0,0,0,0,0,0,24,0,0,0,0,0,0,0,0,20,0,0,0,0,0,0,0,0,0,24,0,0,0,0,0,0,0,8,0,0,0,0,0,0,0,0,0,0,0,0,0,0,0,0,0,0,0,16,1,0,0,0,30,0,0,0,7,0,25,2,0,0,0,0,0,0,0,0,0,0,27,1,0,0,0,0,0,29,0,8,0,0,26,0,0,8,0,0,3,0,0,30,0,0,0,13,0,0,15,0,0,0,0,15,16,13
0,0,0,0,0,0,0,0,0,0,0,0,0,0,0,0,0,0,0,0,0,0,0,0,0,6,0,0,0,0,0,0,0,0,0,0,0,0,9,0,9,20,0,0,0,0,0,0,0,0,0,0,0,0,0,0,0,0,0,0,0,0,0,0,0,0,0,0,0,0,0,0,0,0,0,0,0,0,0,0,0,0,0,0,0,0,0,0,0,0,18,0,0,0,0,0,0,0,0,0,0,0,0,0,0,0,6,0,0,0,0,0,0,0,0,23,0,0,0,0,0,0,0,0,0,0,0,0,0,0,0,0,0,0,0,0,0,0,0,0,0,0,0,0,0,0,0,0,0,0,0,0,0,0,0,0,0,0,0,0,0,0,0,0,0,0,0,0,0,0,0,0,0,0,7,0,0,0,0,0,0,0,0,6,0,0,0,0,0,0,0,0,0,0,0,0,0,0,0,0
0,0,0,0,22,0,0,0,4,0,0,0,0,0,0,0,0,0,0,0,0,0,9,0,0,0,0,0,0,23,0,0,0,0,0,0,0,0,0,0,0,0,0,0,29,0,0,0,0,0,5,0,1,0,0,0,0,0,0,0,0,0,0,0,21,0,0,0,0,0,0,0,0,0,0,0,0,19,0,0,0,0,0,0,0,0,0,0,0,0,0,22,0,0,0,0,0,0,0,0,0,0,0,0,0,0,0,15,0,0,0,3,0,0,0,0,0,0,0,0,0,0,0,0,0,0,5,0,0,0,0,0,0,0,0,0,0,0,0,0,0,24,0,0,0,0,0,0,0,0,0,0,0,17,25,6,0,0,0,0,0,0,0,0,0,0,0,0,0,24,0,0,0,0,0,0,0,0,30,0,28,3,14,0,0,0,0,0,0,0,0,0,0,0,0,0,0,0,0,0
0,0,0,0,15,0,0,0,26,0,0,0,0,0,0,0,0,0,0,0,0,0,17,0,0,0,0,0,0,0,0,0,0,0,0,0,0,0,0,25,0,0,0,0,0,0,0,0,0,15,15,0,8,0,0,0,0,0,0,0,0,0,0,0,5,27,0,0,0,0,0,0,0,0,0,0,0,0,0,0,0,0,0,0,0,0,0,0,9,0,0,0,0,0,0,0,0,0,0,0,0,0,0,0,0,27,0,0,0,0,0,7,0,0,0,0,0,0,0,0,0,0,0,0,0,0,0,0,0,0,0,0,0,0,0,0,0,0,0,0,0,21,0,15,22,0,0,0,0,0,0,0,0,0,18,0,0,0,0,0,0,23,26,0,0,0,0,4,0,0,0,0,0,0,0,0,0,0,0,0,0,25,0,0,0,0,0,0,0,0,0,0,0,0,6,0,0,0,0,0
13,0,29,16,0,0,0,0,0,0,3,0,0,0,0,0,0,24,0,0,0,0,0,0,0,0,0,0,0,0,0,0,0,0,0,0,5,0,0,0,0,0,0,0,0,0,0,0,7,0,0,0,0,9,19,0,0,16,0,0,0,0,0,0,0,0,0,0,0,0,0,0,0,0,0,0,11,0,0,0,0,18,0,0,0,0,30,10,0,0,0,0,0,0,12,0,0,0,0,0,0,0,1,0,0,0,0,0,0,0,0,0,0,28,0,0,0,0,0,0,0,18,0,24,0,0,0,0,0,0,0,0,0,0,0,0,0,0,0,0,0,0,19,0,0,0,0,18,0,27,0,0,0,0,0,0,0,0,0,0,0,0,0,0,0,0,0,0,1,0,0,0,0,4,0,0,0,5,0,0,0,0,0,0,0,0,0,9,0,0,0,12,0,0,0,0,18,4,0,0
28,0,10,29,0,0,17,0,0,0,0,0,0,0,0,0,0,0,13,0,0,0,0,0,0,0,0,0,0,0,0,0,0,0,0,0,23,0,0,0,0,0,0,0,0,0,0,0,0,0,0,0,0,0,0,0,0,18,0,0,11,0,0,0,0,0,0,0,0,0,0,0,0,0,0,0,0,0,0,0,0,0,0,0,0,0,22,0,0,0,0,0,0,0,29,0,0,0,0,0,0,0,0,29,0,0,0,0,0,0,0,0,0,0,0,0,0,0,0,0,0,10,0,0,0,0,0,9,0,0,0,0,0,0,0,0,0,0,0,0,0,0,0,0,0,0,0,0,0,0,27,0,0,0,0,0,0,0,0,0,0,0,0,0,0,17,0,0,0,0,0,0,0,0,0,0,8,3,0,0,0,0,0,0,0,0,0,16,0,0,0,0,0,0,0,0,0,0,0,0
0,0,0,0,0,13,0,0,0,0,0,0,0,0,0,0,0,0,0,0,0,0,0,0,29,0,0,0,0,0,7,0,0,0,0,24,14,0,0,0,0,0,0,0,0,0,0,0,0,0,0,0,0,0,0,0,0,0,0,0,0,0,0,0,0,0,0,0,0,0,30,0,0,0,0,0,0,0,5,0,0,26,0,0,0,0,0,16,0,0,0,0,0,0,0,0,0,14,0,0,0,0,0,0,0,0,0,0,0,0,0,0,14,14,0,0,0,0,0,0,0,0,0,0,0,0,0,0,0,0,0,0,0,0,0,0,0,0,0,28,0,0,0,0,0,0,0,0,0,0,0,10,0,0,0,0,0,0,0,0,0,0,0,0,0,0,0,0,0,0,0,0,0,26,0,0,0,0,0,0,0,0,0,0,0,0,0,0,0,0,0,0,0,0,0,0,0,0,28,0
0,0,0,0,19,0,0,0,0,0,0,0,4,15,0,0,0,17,5,0,0,0,0,0,0,0,0,0,19,26,0,0,0,0,0,0,0,0,0,7,0,0,0,0,0,0,0,0,19,25,28,20,0,0,0,0,0,0,0,17,0,0,19,21,4,0,0,21,28,6,0,0,0,0,0,21,0,28,0,0,0,0,0,0,0,0,29,0,0,0,0,27,21,0,0,0,0,0,0,0,0,0,0,0,0,0,0,12,0,0,0,0,0,0,0,0,0,0,0,0,0,0,0,21,0,0,0,0,0,0,0,0,28,14,0,0,0,0,0,0,0,0,13,0,0,0,0,11,0,0,21,0,0,0,0,1,0,19,0,0,0,0,0,0,2,0,0,0,0,18,0,9,0,0,0,0,0,0,0,3,0,0,29,0,0,0,0,0,0,0,22,0,0,0,0,19,0,0,0,0
0,0,0,0,0,0,0,0,0,0,0,0,0,0,0,0,0,0,0,0,0,0,0,0,0,0,0,0,0,0,0,0,0,0,14,0,0,0,0,10,0,0,0,0,0,0,0,0,0,0,0,0,0,0,0,0,0,0,0,14,0,0,0,3,0,20,0,0,0,0,0,0,0,0,0,0,0,0,0,0,0,0,0,0,0,0,0,0,0,0,0,0,27,0,0,0,0,0,0,0,0,0,0,0,0,0,0,0,0,0,0,0,0,0,0,0,0,0,0,0,0,0,0,0,0,0,0,0,0,0,0,0,0,11,0,0,0,0,0,0,0,0,0,0,20,0,0,0,0,0,0,0,0,0,0,20,0,20,0,0,0,0,0,0,0,0,0,0,0,0,0,0,0,0,0,0,0,0,0,0,0,0,0,0,0,0,0,0,0,0,0,0,0,0,0,0,0,0,0,0
0,0,0,0,0,0,0,0,0,0,0,0,0,25,0,0,0,24,4,0,0,12,16,0,0,0,0,0,12,29,0,0,0,0,8,0,0,0,0,26,0,0,0,0,0,0,0,0,5,26,28,23,0,0,0,0,0,0,0,0,0,0,14,0,0,0,0,0,16,0,0,0,0,0,0,28,0,26,0,0,0,0,0,0,0,0,0,0,0,0,0,0,10,0,0,0,0,0,0,0,0,0,0,0,0,0,0,3,0,0,0,0,0,0,0,0,0,0,0,0,0,0,0,0,0,2,0,0,0,0,0,2,0,11,0,0,0,0,0,0,0,27,0,0,25,0,19,0,0,0,0,0,0,8,0,1,0,20,0,0,0,0,0,0,0,0,0,0,0,28,19,0,30,0,0,0,0,0,0,0,0,11,0,0,0,0,0,0,0,0,1,0,13,0,0,0,0,17,0,17
0,0,0,20,0,0,0,0,0,0,0,0,9,0,0,8,0,18,16,0,0,16,1,0,0,0,0,0,24,0,0,0,0,0,27,0,0,0,0,0,0,0,0,0,0,0,0,0,0,7,0,14,0,0,0,0,0,0,0,18,0,0,0,0,15,0,0,0,0,0,0,0,0,0,0,0,0,12,0,0,0,0,0,0,0,0,9,0,0,0,0,0,0,0,0,0,0,0,0,0,0,0,0,0,0,0,0,0,0,0,0,0,0,0,0,0,0,0,0,0,0,0,0,0,0,0,0,0,0,0,0,0,0,0,0,0,0,0,0,0,0,6,14,0,23,1,0,0,0,0,16,0,1,8,0,17,0,9,0,0,0,0,0,0,9,0,0,0,0,29,0,0,14,0,0,0,0,0,0,0,0,0,0,0,0,0,0,0,0,6,11,0,0,0,0,5,0,0,0,0
0,0,0,0,0,0,0,0,0,0,0,0,0,0,0,0,0,0,0,0,0,0,0,0,0,0,0,0,0,0,0,0,7,0,0,0,0,10,0,0,0,0,0,0,0,0,27,10,0,0,0,0,0,0,0,0,0,0,0,0,0,0,0,0,0,0,0,0,0,0,0,12,0,0,0,0,0,0,0,0,19,0,18,24,0,0,0,0,0,0,0,0,0,0,0,0,0,0,0,20,19,16,0,0,0,0,0,0,0,0,24,0,0,0,27,0,0,0,0,0,0,0,24,0,0,0,0,0,0,0,0,0,0,0,0,0,0,0,0,22,0,0,0,0,0,0,0,0,0,0,0,0,0,0,0,0,0,0,21,14,0,0,0,0,0,0,2,0,0,0,0,0,0,0,0,0,0,0,0,0,0,0,0,0,0,0,12,0,0,0,0,0,0,0,0,0,0,0,0,0
0,0,0,0,0,0,0,0,16,0,0,0,0,0,0,0,0,0,0,0,0,0,0,0,0,0,0,0,0,0,0,0,16,29,0,0,0,0,0,0,0,0,11,0,0,0,0,26,0,0,0,0,0,0,0,0,20,0,0,0,0,0,0,0,0,0,13,28,0,0,0,20,10,0,0,0,0,0,0,0,0,0,0,0,0,18,0,0,0,7,7,0,0,6,0,0,0,0,0,0,0,0,0,0,0,0,0,0,0,0,0,0,0,0,0,18,8,0,26,0,0,0,23,0,0,0,0,0,0,0,0,0,0,0,0,0,0,29,18,0,0,0,0,0,0,0,0,0,26,0,0,0,0,0,0,0,14,0,0,0,23,26,0,0,0,0,0,7,0,0,0,0,0,0,0,0,0,0,0,0,0,0,0,0,0,0,0,0,30,0,0,0,0,0,0,0,0,0,0,0
14,19,28,22,0,0,20,0,0,0,0,0,0,0,10,0,0,0,0,0,0,0,0,0,0,0,0,0,0,0,17,0,0,0,0,8,0,0,0,0,0,0,0,0,0,0,0,0,0,0,0,0,0,0,0,0,0,0,0,0,22,0,0,0,0,0,0,0,0,0,0,0,0,0,0,0,0,0,0,0,0,0,0,0,0,0,2,0,0,0,0,0,0,0,15,0,0,0,0,0,0,0,0,10,5,0,0,0,0,0,0,0,0,0,0,0,0,0,0,0,0,0,0,0,0,0,0,29,29,0,0,0,0,0,0,0,0,0,0,0,0,0,0,0,0,0,0,0,0,8,0,0,0,0,0,0,0,0,0,0,0,0,0,0,0,12,0,0,0,0,0,0,0,0,0,0,12,0,0,0,0,0,0,0,0,3,0,0,0,0,0,0,0,0,0,0,0,0,0,0
0,0,0,0,0,0,0,0,0,0,0,0,0,0,0,0,0,0,0,0,24,0,0,0,0,10,0,0,0,0,0,0,0,0,0,0,0,0,0,0,0,0,23,0,0,1,2,0,0,0,0,0,0,0,0,0,0,0,0,0,0,0,0,0,0,0,0,0,0,0,0,0,0,0,0,0,0,0,0,0,19,0,21,0,0,13,0,0,0,0,0,0,0,0,0,0,0,0,0,0,0,0,0,0,0,0,1,0,0,0,0,0,0,0,0,23,10,0,0,0,1,0,0,0,0,0,0,0,0,0,0,0,0,0,0,0,0,0,0,0,0,0,0,0,0,0,0,0,0,0,0,0,0,0,0,0,0,0,0,0,0,8,0,0,0,0,0,11,0,0,0,0,0,0,9,0,0,0,0,0,0,0,0,0,0,0,0,0,0,0,0,0,0,0,0,0,0,0,0,0
0,0,0,0,0,0,0,0,0,0,0,0,0,0,0,0,7,0,0,0,0,0,0,0,0,0,0,0,0,0,0,25,0,0,0,0,0,0,14,0,29,0,20,0,0,22,0,0,0,0,0,0,0,0,0,0,0,0,0,0,0,0,0,0,0,0,21,0,0,0,0,0,25,0,21,0,0,0,0,0,0,0,0,0,0,2,0,0,0,21,0,0,0,0,0,0,0,0,30,0,0,0,0,0,0,0,0,0,0,0,0,0,0,0,0,0,0,0,0,0,0,0,0,0,16,0,0,0,0,0,0,0,0,0,0,0,0,10,0,0,0,0,0,0,0,0,0,0,0,0,0,0,0,0,0,0,0,0,0,0,0,0,0,0,0,0,0,0,0,0,0,0,0,0,0,0,0,0,0,0,0,0,0,13,0,0,0,0,3,0,0,0,0,0,0,0,0,0,0,0
0,0,0,0,0,13,0,0,0,0,0,0,0,0,0,0,0,0,0,0,0,0,0,0,1,0,0,0,0,0,0,0,0,0,0,0,0,0,0,0,0,0,0,0,0,0,15,0,0,0,0,0,0,0,0,0,0,0,0,0,0,14,0,0,0,0,0,0,0,0,4,1,0,0,0,0,0,0,9,0,0,0,0,0,3,0,0,0,0,0,0,0,0,0,0,0,0,25,0,1,23,0,0,0,0,0,0,0,0,0,16,0,0,0,17,0,0,0,0,28,0,0,0,0,0,0,0,0,0,0,0,0,0,0,0,0,0,0,0,0,0,0,0,0,0,0,0,0,0,0,0,1,0,0,0,0,0,0,0,5,0,0,0,0,0,0,0,0,0,0,0,0,0,0,0,0,0,0,0,0,0,0,0,0,0,0,19,0,0,0,0,0,0,0,0,0,0,0,0,0
0,0,0,0,0,0,0,0,22,0,0,0,0,0,0,0,0,0,0,0,0,0,0,0,0,0,0,0,0,0,0,0,0,27,0,0,0,0,0,5,0,0,29,7,0,18,0,0,0,0,14,0,0,0,0,0,0,0,29,0,0,0,0,0,0,0,0,0,0,0,0,0,0,0,0,0,0,0,0,0,0,0,0,0,0,0,0,0,12,0,0,0,0,0,0,0,0,0,0,0,0,0,0,0,0,25,0,0,0,0,0,17,0,0,0,0,0,0,0,0,0,0,0,0,0,30,8,0,0,0,0,0,0,0,0,0,0,0,0,0,0,21,0,0,0,0,0,0,0,0,0,0,0,0,0,0,19,0,0,0,0,30,0,0,0,0,0,16,0,0,0,0,16,0,0,0,0,0,20,0,12,0,0,0,22,0,0,0,4,0,0,0,0,0,0,0,0,0,0,0
0,0,0,0,0,0,0,0,10,0,0,0,0,0,0,3,0,24,0,0,0,0,0,26,0,0,0,0,0,23,0,0,0,0,0,0,0,0,0,3,0,0,0,0,28,0,0,0,0,0,19,4,22,0,0,0,0,0,0,0,0,0,0,0,0,0,0,16,20,0,0,0,0,0,0,20,1,0,0,1,0,0,0,0,0,0,0,0,0,0,0,8,0,0,0,0,0,0,0,0,0,0,0,0,0,0,0,0,0,0,0,12,0,0,0,0,0,0,0,0,0,0,0,0,0,0,0,0,0,0,19,0,0,0,0,0,0,0,0,0,0,0,0,0,0,5,1,30,7,0,0,0,0,24,0,0,13,14,0,0,0,23,0,0,26,0,0,0,0,0,0,0,10,0,0,0,0,0,0,17,0,0,10,0,0,0,0,0,0,0,0,0,0,0,0,0,0,14,0,0
0,0,0,0,0,0,0,0,0,0,11,0,0,0,0,25,0,24,29,0,0,0,0,26,0,0,0,0,0,0,0,0,0,0,0,0,0,0,0,0,0,0,0,0,0,0,0,0,5,0,0,0,0,0,0,0,0,0,0,0,9,0,23,20,0,0,0,0,14,16,0,0,0,13,0,21,9,0,0,0,0,0,0,0,0,0,3,0,0,0,0,0,0,0,0,0,0,0,0,0,0,0,0,22,0,0,0,23,0,0,0,0,0,0,0,0,0,0,0,0,0,0,0,0,0,0,0,0,0,0,0,0,30,0,0,0,0,0,0,0,0,0,0,0,0,0,0,28,0,0,16,0,21,30,0,0,0,0,0,0,0,0,0,0,0,23,0,0,0,0,0,27,0,0,0,0,0,0,0,0,0,0,0,0,0,0,0,0,0,0,21,0,7,0,0,0,0,4,0,0
0,0,0,0,15,0,0,0,0,0,0,0,0,0,0,0,29,0,0,0,0,0,0,0,0,0,0,0,0,0,0,0,0,0,0,0,0,0,0,7,0,4,2,0,0,4,0,0,0,0,25,0,0,0,0,0,0,0,0,0,0,0,0,0,0,0,0,0,0,0,0,0,0,0,0,0,0,0,0,0,0,0,0,0,0,0,0,0,12,0,0,0,0,7,0,0,0,0,0,0,0,0,0,0,0,0,0,0,0,0,0,0,0,0,0,0,0,27,0,0,0,0,0,0,0,12,0,0,0,0,0,0,0,0,0,0,0,0,0,0,28,0,0,0,0,0,0,0,0,0,0,0,0,0,6,0,0,0,0,0,0,0,0,0,0,0,0,25,0,0,0,0,19,0,0,3,0,0,22,0,17,0,0,0,20,0,0,0,0,0,0,0,0,0,6,0,0,0,0,0
0,0,0,0,14,0,0,0,0,0,0,0,23,0,0,0,0,0,0,0,0,0,0,16,0,0,0,0,0,10,0,0,0,16,21,0,0,0,0,0,0,0,0,0,3,0,0,0,9,29,11,0,30,0,0,0,0,0,0,0,0,0,12,0,0,0,0,18,3,7,0,0,0,20,0,7,9,17,0,0,0,0,0,0,0,0,0,0,0,0,0,0,23,0,0,0,0,0,0,0,0,0,0,0,0,0,0,3,0,0,0,18,0,0,0,0,0,0,0,0,0,0,0,30,0,17,0,0,0,0,15,0,0,0,0,0,0,0,0,0,0,30,17,0,0,0,20,0,0,0,0,0,0,12,0,23,0,0,0,0,0,22,0,28,2,0,0,0,0,24,0,0,0,0,0,0,0,0,0,0,0,0,0,0,0,0,0,0,0,0,22,0,0,0,0,0,0,0,0,0
0,0,0,0,21,0,0,0,0,0,0,0,2,26,0,0,0,0,0,0,0,0,1,9,0,0,0,0,0,0,0,0,0,0,17,0,0,0,0,4,0,0,0,0,11,0,0,0,0,25,12,0,0,0,0,0,0,0,0,9,0,0,26,7,4,9,0,0,0,0,0,0,0,0,0,0,0,0,0,0,0,0,0,0,0,0,0,0,0,0,0,0,0,0,0,0,0,0,0,0,0,0,0,0,0,0,0,13,0,0,0,0,0,0,0,0,0,0,0,0,0,0,0,0,0,0,0,0,0,0,7,18,13,0,0,0,0,0,0,0,0,0,19,0,27,0,30,2,0,0,0,0,11,10,0,7,0,9,0,0,0,0,0,0,0,0,0,0,0,0,0,0,0,0,0,0,0,0,0,0,0,0,0,0,0,0,0,0,0,0,0,0,0,0,0,25,0,0,0,0
0,0,0,0,0,0,0,0,0,0,16,0,0,3,0,20,0,1,14,8,0,0,0,6,0,0,0,0,22,0,0,0,0,0,0,0,0,0,0,0,0,0,0,0,0,0,0,0,4,0,0,0,18,12,0,26,0,3,0,0,0,0,24,17,0,0,0,0,0,0,0,0,0,0,0,30,18,28,0,15,0,0,0,0,0,0,10,0,0,0,0,28,0,0,0,0,0,0,0,0,0,0,26,0,0,0,0,0,0,0,0,0,0,0,0,0,0,0,0,0,0,6,0,0,0,0,0,30,0,0,19,0,0,16,0,0,0,0,0,0,0,0,26,0,0,0,0,19,0,0,0,0,0,11,0,0,0,13,0,0,0,0,0,11,22,0,0,0,0,0,0,0,9,0,0,0,0,0,0,28,0,0,0,0,0,0,0,0,0,0,0,0,0,0,0,0,0,0,0,2
0,8,0,0,0,0,10,0,0,0,0,0,0,0,0,20,0,23,0,13,0,0,0,8,0,0,0,26,0,0,0,0,0,0,0,0,0,0,0,0,0,0,0,0,0,0,0,0,10,0,0,0,7,30,0,8,0,4,0,0,0,0,0,0,0,0,0,16,0,0,0,0,0,7,0,26,29,2,0,26,0,0,0,0,0,0,0,0,0,0,0,4,0,0,0,0,0,0,0,0,0,0,23,14,0,0,0,29,0,0,0,0,0,7,0,0,0,0,0,0,0,0,0,24,0,0,0,0,0,0,0,0,23,28,0,0,0,0,0,0,0,0,0,0,2,0,0,0,3,0,0,0,0,2,0,0,0,0,0,0,0,0,0,20,0,0,0,0,0,23,0,26,0,0,0,0,0,0,0,0,0,0,0,0,0,0,0,0,0,0,3,0,16,0,0,0,0,0,0,13
0,0,0,0,0,0,0,9,0,0,28,0,0,0,0,0,3,4,0,0,0,0,0,0,0,0,0,0,0,21,0,0,18,0,0,0,0,0,0,0,0,0,0,0,0,0,0,0,0,0,0,14,0,18,0,19,0,0,0,0,0,0,0,0,0,0,0,0,0,0,0,25,0,3,0,28,21,0,0,0,0,0,0,0,7,0,0,0,0,0,0,5,0,0,0,0,0,17,0,0,0,0,0,0,0,0,0,0,0,0,0,0,0,0,6,0,16,0,15,0,10,0,0,12,0,0,0,0,0,0,0,0,0,0,0,0,0,0,0,0,0,0,0,0,0,0,0,0,0,0,0,0,0,0,0,0,0,0,26,22,25,0,0,0,0,19,29,0,0,0,0,27,0,0,0,0,0,0,0,0,0,0,27,0,0,0,0,0,0,0,0,14,0,0,0,0,0,0,0,15
0,0,20,0,0,0,17,0,0,0,0,0,0,0,24,0,0,0,0,16,0,0,0,0,0,0,0,0,0,0,0,0,0,0,0,1,0,0,0,0,0,0,0,0,0,0,0,0,0,0,0,0,0,0,20,0,0,0,0,0,0,0,0,0,0,0,0,0,0,0,0,0,0,0,0,0,0,0,0,0,0,15,0,0,0,0,0,0,0,0,0,0,0,0,0,0,15,0,0,0,0,0,0,18,30,0,0,0,0,0,0,0,0,0,0,0,0,0,0,0,0,11,0,0,0,0,0,0,2,0,0,0,0,0,0,0,0,0,0,0,0,0,0,0,0,0,0,0,0,0,0,0,0,0,0,0,0,0,0,0,0,0,0,0,0,0,0,0,16,0,0,0,0,0,0,0,13,28,0,0,0,0,0,0,0,0,0,0,0,0,0,23,0,0,0,0,11,0,13,0
0,0,16,13,0,0,16,0,0,0,0,0,0,0,0,6,0,0,0,0,0,0,0,14,0,0,0,0,11,0,0,0,0,0,0,0,0,0,0,0,0,0,0,0,0,0,0,0,18,0,0,0,0,0,0,0,0,0,0,0,0,0,0,28,0,0,0,0,0,26,0,0,0,0,0,0,0,0,0,0,0,0,0,0,0,0,13,0,0,0,0,0,0,0,9,0,0,0,0,0,0,0,0,0,0,0,0,0,0,0,0,0,0,0,0,0,0,0,0,0,0,0,0,0,0,0,0,13,0,0,0,0,0,0,0,0,24,0,0,0,0,0,0,0,0,0,10,23,0,0,0,0,0,0,0,0,0,0,0,0,0,0,0,0,0,2,0,0,0,0,0,0,0,0,0,0,0,0,0,0,0,0,0,0,0,0,0,8,0,0,0,0,3,0,0,19,0,0,0,0
0,0,0,0,0,0,0,24,0,0,0,11,0,0,0,0,0,0,0,0,14,0,0,0,14,0,0,17,0,0,0,0,0,0,0,0,0,0,0,0,0,0,0,0,0,0,0,0,0,0,0,0,0,23,20,0,28,0,0,0,0,0,0,0,0,0,0,0,0,0,0,0,0,0,0,0,0,0,0,12,0,0,0,0,3,0,0,0,0,0,0,0,0,0,0,0,0,0,0,0,30,0,0,0,0,0,0,0,0,0,0,0,0,0,0,0,0,0,20,0,0,0,0,20,0,0,0,0,0,0,0,0,0,0,0,0,0,0,0,0,0,0,0,0,0,0,0,0,11,0,0,0,0,0,0,0,0,0,23,11,0,0,0,0,0,0,0,0,0,0,0,0,0,0,0,0,0,17,0,0,0,0,0,0,0,0,0,0,0,0,0,0,0,0,0,0,0,0,0,0
0,0,0,0,0,0,0,0,0,0,16,0,7,0,0,23,0,20,0,0,0,0,0,0,0,0,0,0,0,0,0,0,0,16,0,0,0,0,0,0,0,0,0,0,0,0,0,0,0,0,13,26,0,0,0,0,0,0,0,0,0,0,0,0,12,0,0,0,7,22,0,0,0,0,0,1,25,0,0,20,0,0,0,0,0,0,0,0,0,0,0,13,0,0,0,0,0,0,0,0,0,0,0,0,0,0,0,18,0,0,0,2,0,0,0,0,0,0,0,0,0,0,0,0,0,28,8,0,0,0,26,0,1,0,0,0,0,0,0,0,0,7,0,0,8,0,22,12,0,0,0,0,0,21,0,0,0,29,0,0,0,3,0,26,30,0,0,0,0,0,0,2,0,0,0,0,0,0,0,0,0,0,0,0,0,0,0,0,0,0,0,0,25,0,0,28,0,16,0,5
0,0,0,0,27,0,0,0,0,0,0,0,0,0,0,0,0,24,0,0,0,0,0,0,0,0,0,0,0,29,0,0,0,26,0,0,0,0,0,0,0,0,0,0,0,0,0,0,0,0,0,15,0,0,0,0,0,0,0,0,0,0,0,0,24,0,0,0,19,30,0,0,0,26,0,26,22,0,0,22,0,0,0,0,0,0,0,0,0,0,0,21,0,0,0,0,0,0,0,0,0,0,0,0,0,0,0,0,0,0,0,0,0,0,0,0,0,0,0,0,0,0,0,0,0,0,0,0,0,0,12,0,0,0,0,0,0,0,0,0,0,0,0,0,0,0,0,0,0,0,0,0,0,0,0,7,0,0,0,0,0,0,0,6,0,10,0,0,0,0,0,14,0,0,0,0,0,0,0,6,0,0,22,0,0,0,0,0,0,0,0,0,0,0,0,4,0,16,0,14
0,0,0,0,18,0,0,0,0,0,0,0,0,0,0,0,12,0,0,0,0,0,0,0,0,0,0,0,0,0,0,0,0,0,0,0,0,0,25,0,17,15,25,29,16,0,0,0,0,0,0,0,0,0,0,0,0,0,0,0,0,0,0,0,0,0,0,0,0,0,0,0,0,0,0,0,0,0,0,0,0,0,0,0,0,0,0,0,5,0,0,0,0,0,0,0,0,0,15,0,0,0,0,0,0,0,0,0,0,0,0,0,0,0,0,20,0,7,0,0,0,0,0,0,14,0,0,0,0,0,0,0,0,0,0,0,0,0,0,0,18,0,0,0,0,0,0,0,0,0,0,0,0,0,0,0,0,0,0,0,0,0,16,0,0,0,0,0,0,0,0,0,0,0,0,9,0,0,0,0,0,0,0,24,0,0,0,0,0,0,0,0,0,0,0,0,0,0,0,0
0,0,0,0,29,0,0,0,12,0,0,0,24,0,0,0,0,0,0,0,0,0,2,0,0,0,0,0,0,0,0,0,0,21,5,0,0,0,0,19,0,0,0,18,0,0,0,0,0,0,0,25,16,0,0,0,0,0,0,0,0,0,17,0,22,0,0,0,0,0,0,0,0,0,0,0,0,0,0,0,0,0,0,0,0,0,0,0,0,0,0,29,0,0,0,0,0,0,0,0,0,0,0,0,0,0,0,8,0,0,0,30,0,0,0,0,0,0,0,0,0,0,0,0,0,0,11,0,0,0,0,0,0,0,0,0,0,0,0,0,24,23,0,12,0,0,10,0,0,0,0,0,19,0,0,0,0,0,0,0,0,0,0,0,0,0,0,26,0,0,0,0,9,0,0,28,0,0,0,0,29,0,17,0,0,0,0,0,0,0,23,0,0,0,0,0,0,5,0,2
0,0,0,0,0,0,0,0,13,0,0,0,0,0,0,0,5,0,0,0,19,0,0,0,0,9,0,0,0,0,0,0,29,10,0,0,0,28,0,0,0,0,3,0,13,7,0,7,0,13,0,0,21,0,0,0,0,0,4,0,0,0,0,0,0,0,0,14,0,0,0,25,0,0,0,0,0,0,0,11,0,0,0,0,0,28,0,0,0,0,0,22,0,0,0,0,0,0,0,0,0,0,0,0,0,0,0,0,0,0,0,0,0,0,0,21,15,0,0,0,0,0,0,0,0,0,0,0,0,0,0,0,0,0,0,0,0,4,8,0,0,0,0,0,0,0,0,0,14,0,0,0,0,0,0,0,0,0,0,0,0,3,0,7,0,0,11,12,0,0,0,0,0,0,0,0,0,0,25,0,0,0,15,0,0,0,0,0,0,0,0,0,0,0,0,0,0,0,0,25
0,0,0,0,0,0,0,0,0,0,0,0,20,29,0,0,0,0,0,0,0,25,10,27,0,0,0,0,0,21,0,0,0,0,0,0,0,0,0,28,0,0,0,0,10,0,0,0,25,11,0,19,0,0,0,0,0,0,0,28,0,0,0,5,5,0,0,14,10,13,0,0,0,0,0,26,0,13,0,0,0,0,0,0,0,0,0,0,0,0,0,0,30,0,0,0,0,0,0,0,0,0,0,0,0,0,0,0,0,0,0,0,0,0,0,0,0,0,0,0,0,0,0,0,0,0,0,0,0,0,0,0,0,0,0,0,0,0,0,0,0,0,26,0,2,0,0,21,0,0,0,0,0,9,0,16,0,0,0,0,0,0,0,0,9,0,0,0,0,0,0,0,25,0,0,0,0,0,0,17,0,2,0,0,0,0,0,0,0,22,9,0,0,0,0,0,0,0,0,28
0,0,0,0,0,0,0,0,0,0,0,0,0,0,0,0,0,0,0,0,0,0,0,0,0,0,0,0,0,0,0,0,0,0,0,0,0,17,0,0,0,0,0,0,0,0,17,0,0,0,0,0,0,0,0,0,0,0,0,0,0,15,0,0,0,0,0,0,0,0,0,0,0,0,0,0,0,0,0,0,0,0,24,27,7,0,0,0,0,0,0,0,0,0,0,0,0,9,0,0,23,0,0,0,0,0,0,0,0,0,0,0,7,0,0,0,0,0,22,0,0,0,4,0,0,0,0,0,0,10,0,0,0,0,0,0,0,0,0,18,0,0,0,0,0,0,0,0,0,0,0,0,0,0,0,0,0,0,0,0,0,0,0,0,0,0,16,0,0,0,0,0,0,0,0,0,0,0,0,0,0,0,0,0,0,0,0,0,0,0,0,0,0,0,0,0,0,0,0,0
0,0,0,0,0,0,0,0,0,0,0,21,0,0,0,0,0,0,0,0,0,0,0,0,0,0,0,0,0,0,0,0,26,0,0,0,0,25,0,0,0,0,0,0,0,0,0,25,0,0,0,0,0,3,11,17,6,0,0,0,0,0,0,0,0,0,0,0,0,0,23,0,0,0,0,0,0,0,0,19,0,0,0,0,0,0,0,0,0,0,0,0,0,0,0,0,0,0,0,0,0,0,0,0,0,0,0,0,0,0,0,0,0,0,21,0,1,0,2,0,1,0,2,0,0,0,0,0,0,22,0,0,0,0,0,0,0,0,0,0,0,0,0,0,0,0,0,0,0,0,0,0,0,0,0,0,0,0,1,0,0,0,0,0,0,0,9,0,0,0,0,0,0,0,0,0,0,0,0,0,0,0,0,0,0,0,3,0,0,0,0,17,0,0,0,0,0,0,4,0
0,0,0,0,0,26,0,0,0,0,0,0,0,0,0,0,0,0,0,0,0,0,0,0,0,0,0,0,0,0,0,0,22,0,0,0,0,0,0,0,0,0,0,0,0,0,0,0,0,0,0,0,0,0,0,0,17,0,0,0,0,0,0,0,0,0,0,0,0,0,0,0,19,0,0,0,0,0,0,0,26,0,0,17,0,0,0,0,0,0,0,0,0,0,0,0,0,7,0,0,14,0,0,0,0,0,0,0,4,0,0,0,0,16,2,0,9,0,16,0,0,0,29,0,0,0,0,0,0,0,0,0,0,0,20,0,0,25,0,14,0,0,0,0,0,0,0,0,0,0,0,8,0,0,0,0,0,0,2,9,0,0,0,0,0,0,0,0,0,0,0,0,0,0,0,0,0,0,0,0,0,0,0,0,0,0,0,0,0,0,0,0,0,0,0,0,0,0,0,0
0,0,0,0,0,0,0,0,27,0,0,0,3,0,0,13,0,0,0,0,0,0,0,0,0,0,0,0,0,1,0,0,0,19,0,0,0,0,0,19,0,0,0,5,4,12,0,0,0,0,17,15,22,0,0,0,0,0,18,0,0,0,0,0,0,0,21,25,9,0,0,0,0,0,0,22,0,0,0,0,0,0,0,0,0,0,0,0,0,0,7,29,0,0,0,0,0,0,0,0,0,0,0,0,0,0,0,0,0,0,0,17,0,0,0,0,12,25,0,0,27,0,19,0,0,9,0,0,0,0,0,0,0,0,0,0,0,0,0,0,0,0,0,12,0,0,0,0,2,0,0,0,0,7,17,5,0,0,0,0,0,0,0,0,0,0,0,0,0,0,0,0,0,0,0,0,0,0,19,0,19,0,0,0,0,0,0,0,16,0,0,0,0,0,0,0,0,0,0,5
0,0,0,0,20,0,0,0,0,5,0,0,0,0,0,0,0,0,0,0,0,0,0,0,0,0,0,0,0,0,0,0,0,0,0,0,0,0,0,0,0,0,0,0,0,0,0,0,0,0,25,0,0,0,0,0,0,0,0,0,0,0,0,0,0,0,0,0,0,0,0,0,0,0,0,0,0,0,0,0,0,0,0,0,0,0,0,0,8,0,0,0,0,0,0,5,0,0,0,0,0,0,0,0,0,0,0,0,0,0,0,7,0,0,0,0,0,24,0,0,0,0,0,0,0,14,0,0,0,0,0,0,0,0,0,0,0,0,0,0,18,0,0,8,0,0,0,0,0,0,0,0,0,0,0,0,0,0,0,0,0,0,0,0,0,0,0,0,0,0,0,0,16,0,0,2,0,0,0,0,0,0,0,0,0,0,0,0,0,0,0,0,0,0,0,0,0,0,0,0
0,0,0,0,0,0,0,0,0,0,0,12,0,0,0,4,0,18,0,0,0,0,0,0,0,0,0,9,4,27,0,0,0,0,0,0,0,0,0,0,0,0,0,0,0,0,0,4,0,11,0,4,12,0,0,0,21,0,0,0,0,0,7,0,8,0,0,0,29,30,0,29,0,23,0,0,1,0,0,19,0,0,0,0,0,0,0,0,0,0,0,0,0,0,0,0,0,0,0,0,0,0,0,0,0,0,0,0,5,0,0,0,0,0,0,0,13,0,0,0,11,0,0,12,0,0,0,0,0,0,27,0,0,0,0,20,0,0,0,0,0,24,0,0,0,0,0,0,27,0,0,20,0,0,0,0,0,0,0,9,0,12,0,0,26,10,0,0,0,6,0,4,0,0,0,0,0,0,0,0,0,0,0,0,0,0,0,0,0,0,0,0,0,0,0,0,0,1,0,23
0,0,0,0,0,0,0,0,0,0,3,0,0,0,0,9,0,0,0,0,0,0,0,20,0,0,0,0,9,0,0,0,0,0,9,0,0,0,0,23,0,0,0,0,0,0,0,0,3,8,2,0,22,0,0,0,0,0,0,0,0,0,0,7,0,0,0,11,0,17,0,0,0,4,0,0,0,1,0,0,0,0,0,0,0,0,0,0,0,0,0,21,9,0,0,0,0,0,0,0,0,0,0,0,0,0,0,0,0,0,0,0,0,0,0,0,0,0,0,0,0,0,0,0,0,24,0,0,0,0,0,14,29,0,0,0,0,0,0,0,0,0,10,0,0,23,0,7,0,0,21,0,0,17,0,21,0,0,0,0,0,0,0,0,0,0,0,0,0,0,0,3,0,0,0,0,0,0,0,0,0,0,26,0,0,0,0,0,0,0,26,0,0,0,0,14,0,0,0,26
0,28,0,15,0,0,22,0,0,0,27,0,0,0,19,0,0,0,0,5,0,0,0,0,0,0,0,16,7,0,28,0,0,0,0,0,18,0,0,0,0,0,0,0,0,0,0,0,0,0,0,7,0,0,0,0,0,0,0,0,24,0,0,0,0,0,0,0,0,1,0,0,0,0,0,30,0,0,0,0,0,0,0,0,0,0,17,6,0,0,0,0,0,0,0,0,0,0,0,0,0,0,0,9,0,0,0,0,0,0,0,0,0,8,0,0,0,0,0,0,0,15,0,0,0,0,0,23,0,0,18,0,0,0,0,0,0,0,0,0,0,0,0,0,0,0,11,7,0,0,0,0,0,0,0,0,0,0,0,0,0,0,0,0,2,0,0,0,0,0,0,0,0,3,0,0,18,4,0,14,0,0,29,0,0,2,0,0,0,0,0,0,3,0,0,0,0,12,0,0
0,0,0,0,0,28,0,0,0,0,0,16,0,0,0,0,0,0,0,0,27,0,0,0,20,0,0,0,0,0,0,0,0,0,0,0,0,0,0,0,0,0,0,0,0,0,0,0,0,0,0,0,0,22,0,0,0,0,0,0,0,0,0,0,0,0,3,0,0,0,0,0,0,0,0,0,1,0,8,0,0,0,14,0,0,0,0,0,0,0,0,0,0,0,0,0,0,0,0,0,15,0,0,0,0,0,0,0,18,0,14,0,0,29,0,0,0,0,7,0,0,0,0,0,0,0,0,0,0,0,0,0,0,0,0,1,0,5,0,0,0,0,0,0,0,0,0,0,0,0,0,15,0,0,0,0,0,0,0,0,27,0,0,14,0,0,0,0,0,0,0,0,0,0,0,0,0,0,0,0,0,0,0,0,0,0,5,0,0,0,0,0,0,0,0,0,0,0,0,0
0,0,0,0,8,0,0,0,30,20,0,0,2,0,0,0,0,0,0,0,0,0,0,0,0,0,0,0,0,0,0,0,0,12,0,0,0,0,0,0,27,0,0,0,13,18,0,0,0,0,27,0,26,0,0,0,0,0,0,0,0,0,0,0,26,0,0,17,0,0,0,0,0,0,0,0,0,9,0,0,0,0,0,0,0,0,0,0,0,0,1,24,0,8,0,12,0,0,0,0,0,0,0,0,0,15,0,0,0,0,0,0,0,0,0,10,5,15,0,0,0,0,0,0,0,24,0,0,0,0,0,0,0,0,0,0,0,0,3,0,0,29,0,0,0,0,0,0,0,0,0,0,0,0,26,0,0,0,0,0,0,3,15,0,0,0,0,0,0,0,0,0,1,0,0,22,0,0,3,0,0,0,17,0,0,0,0,0,0,0,0,0,0,0,0,0,0,0,0,23
2,0,0,12,0,0,0,0,0,0,0,0,0,0,0,0,0,0,0,0,0,0,0,0,0,0,0,0,0,0,6,0,0,0,0,30,23,0,0,0,0,0,0,0,0,0,0,0,0,0,0,0,0,0,0,0,0,0,0,0,0,0,0,0,0,0,0,0,0,0,0,0,0,0,0,0,0,0,0,0,0,3,0,0,0,0,0,0,0,0,0,0,0,0,23,0,0,0,0,0,0,0,0,0,29,0,0,0,0,0,0,0,0,0,0,0,0,0,0,0,0,17,0,0,0,0,0,0,29,0,0,0,0,0,0,0,25,0,0,0,0,0,0,0,0,0,0,0,0,0,11,0,0,0,0,0,0,0,0,0,0,0,0,0,0,14,0,0,0,0,0,0,0,0,0,0,15,0,0,0,0,0,0,0,0,0,0,27,0,0,0,0,0,0,0,0,0,0,0,0
0,0,0,0,7,0,0,0,0,0,0,0,0,14,0,2,0,0,0,0,0,0,16,30,0,0,0,0,29,0,0,0,0,0,29,0,0,0,0,24,0,0,0,0,0,0,0,0,0,0,0,0,0,0,0,0,0,0,0,0,0,0,0,0,0,24,0,0,12,21,0,0,0,0,0,0,0,9,0,0,0,0,0,0,0,0,0,0,0,0,0,25,12,0,0,0,0,0,0,0,0,0,0,0,0,0,0,17,0,0,0,0,0,0,0,0,0,0,0,0,0,0,0,19,0,0,0,0,0,0,0,8,0,0,0,0,0,0,0,0,0,25,20,0,0,15,12,0,0,0,0,0,19,3,0,16,0,7,0,0,0,0,0,0,5,0,0,0,0,0,0,20,0,0,0,0,0,0,0,20,0,8,13,0,0,0,0,0,0,24,0,0,16,0,0,9,0,16,0,0
0,0,0,0,0,0,0,0,0,0,0,0,0,0,0,0,0,0,0,0,0,0,0,0,0,0,0,0,0,0,0,0,0,0,3,0,0,0,0,0,0,0,0,0,0,0,0,0,0,0,0,0,0,0,0,0,0,0,0,0,0,0,0,0,0,12,0,0,0,0,0,0,0,0,0,0,0,0,0,0,0,0,0,0,0,0,0,0,0,0,0,0,0,0,0,0,0,0,0,0,0,0,0,0,0,0,0,0,0,0,0,0,0,0,0,0,0,0,0,0,0,0,0,0,0,0,0,0,0,0,0,8,0,0,0,0,0,0,0,0,0,0,0,0,0,22,0,0,0,0,0,0,0,0,0,0,0,0,0,0,0,0,0,0,0,0,0,0,0,0,0,0,0,0,0,0,0,0,0,0,0,12,0,0,0,0,0,0,0,0,0,0,0,0,0,29,0,0,0,0
0,0,0,0,0,0,0,0,0,0,20,0,4,13,0,0,0,17,0,0,0,0,0,0,0,0,0,0,19,14,0,0,0,6,0,0,0,0,0,0,0,0,0,0,0,0,0,0,11,0,0,29,0,0,0,0,3,10,0,0,0,0,0,0,0,0,0,28,0,2,0,0,0,0,0,21,0,12,0,17,0,0,0,0,0,0,0,0,0,0,0,0,0,0,0,0,0,0,0,0,0,0,26,0,0,0,0,29,0,0,0,0,0,0,0,0,0,0,7,0,0,9,0,0,0,0,0,0,0,0,0,0,25,23,0,0,0,0,0,0,0,19,0,0,9,0,3,0,0,0,0,0,0,0,0,23,0,18,0,0,0,30,0,0,0,21,0,0,0,0,0,0,0,0,0,0,0,0,0,12,0,0,0,0,0,0,0,0,0,0,0,0,24,0,0,0,0,0,0,6
0,0,0,0,12,0,0,0,27,0,0,0,23,12,0,0,0,15,0,0,0,0,5,14,0,0,0,0,0,0,0,0,0,0,0,0,0,0,0,28,0,0,0,0,28,0,0,0,0,0,4,0,10,0,0,0,0,0,0,0,0,0,0,0,0,20,0,0,4,0,0,0,0,0,0,0,0,0,0,0,0,0,0,0,0,0,0,0,6,0,0,30,0,0,0,0,0,0,0,0,0,0,0,0,0,0,0,29,0,0,0,0,0,0,0,0,0,0,0,0,0,0,0,0,0,25,25,0,0,0,17,0,0,0,0,0,0,0,0,0,0,0,0,0,2,6,0,0,0,0,0,0,22,9,0,0,0,0,0,0,0,3,0,0,13,0,0,0,0,13,0,19,0,0,0,22,0,0,22,0,26,25,0,0,0,0,0,0,0,0,0,0,0,0,0,0,0,8,0,0
0,0,0,0,0,24,0,0,0,0,0,0,0,0,0,16,0,19,0,0,2,0,0,0,0,0,0,0,19,0,17,0,0,0,0,30,4,0,0,0,0,0,0,0,0,0,0,0,0,0,0,27,0,11,30,0,0,0,0,0,0,0,2,0,0,0,0,0,0,0,0,26,0,0,0,0,0,0,0,0,0,3,0,0,13,0,0,0,0,0,0,0,0,0,12,0,0,0,0,0,0,0,0,0,0,0,0,0,0,0,0,0,0,12,0,0,0,0,26,0,0,29,0,0,0,0,0,0,0,0,0,0,0,0,0,0,0,0,0,0,0,0,0,0,0,0,4,26,21,0,0,22,0,0,0,0,0,0,0,1,0,0,0,12,0,0,0,0,0,0,0,4,0,0,0,0,0,27,0,7,0,0,2,0,0,0,0,0,0,0,0,0,0,0,0,0,0,0,23,0
0,0,0,0,0,0,0,0,13,12,0,0,0,0,0,0,6,0,0,0,0,0,0,0,0,15,0,0,0,0,0,0,0,0,0,0,0,0,7,0,0,0,0,0,0,11,0,0,0,0,0,0,0,0,0,0,0,0,0,0,0,0,0,0,0,0,0,0,0,0,0,0,0,0,0,0,0,0,0,0,0,0,0,0,0,15,0,0,0,0,0,0,0,0,0,10,0,0,0,0,0,0,0,0,0,0,0,0,0,0,0,0,0,0,0,0,0,6,0,0,0,0,0,0,0,0,0,0,0,0,0,0,0,0,0,8,0,0,21,0,0,0,0,0,0,0,0,0,0,0,0,0,0,0,6,0,0,0,0,0,0,0,0,0,0,0,0,1,0,0,0,0,0,0,0,0,0,0,0,0,0,0,0,0,0,0,0,0,0,0,0,0,0,0,6,0,0,0,0,0
0,0,0,0,0,0,0,0,0,16,0,0,0,0,0,0,0,0,0,0,0,0,22,0,0,0,0,0,0,0,0,0,0,0,0,0,0,0,0,19,0,0,0,0,3,0,0,0,0,0,0,0,0,0,0,0,0,0,0,0,0,0,0,0,0,4,0,0,0,0,0,0,0,0,0,0,0,0,0,0,0,0,0,0,0,0,0,0,26,0,0,0,0,0,0,0,0,0,0,0,0,0,0,0,0,1,0,0,0,0,0,30,0,0,0,0,0,2,0,0,0,0,0,0,0,20,23,0,0,0,0,0,0,0,0,0,0,0,0,0,23,0,0,0,0,0,0,0,0,0,0,0,0,0,0,0,0,0,0,0,0,0,0,0,0,0,0,0,0,0,0,0,0,0,0,0,0,0,1,0,10,0,0,0,28,0,0,0,0,0,0,0,0,0,0,0,0,0,0,0
4,0,0,0,0,0,0,20,0,0,26,0,0,0,0,0,0,0,0,0,0,0,0,0,0,0,0,3,16,0,15,0,0,0,0,0,5,0,0,0,0,0,0,0,0,0,0,0,0,0,0,0,0,0,13,0,0,3,0,0,0,0,0,0,0,0,0,0,0,0,0,0,0,0,0,0,0,0,0,0,0,12,0,0,0,0,0,20,0,0,0,0,0,0,0,0,1,0,0,0,0,0,0,24,0,0,0,0,0,0,0,0,0,0,0,0,0,0,0,0,0,17,0,0,0,0,0,29,0,0,0,0,0,0,0,0,0,0,0,0,0,0,0,0,0,0,0,0,0,0,17,0,0,0,0,0,0,0,0,0,0,0,0,0,0,0,0,0,0,0,0,0,0,20,0,0,0,0,0,19,0,0,0,0,0,0,0,29,0,0,0,5,0,0,0,0,0,0,30,0
0,0,12,0,0,0,0,17,0,0,0,26,0,0,0,0,0,0,0,18,0,0,0,0,0,0,0,25,0,0,0,0,0,0,0,13,0,0,0,0,0,0,0,0,0,0,0,0,0,0,0,0,0,29,0,0,0,6,0,0,0,0,0,0,0,0,0,0,0,1,16,0,0,0,0,0,0,0,0,0,0,0,0,0,0,0,0,0,0,0,0,0,0,0,0,0,15,28,0,0,0,0,0,0,29,0,0,0,0,0,0,0,0,30,0,0,0,0,0,0,0,0,0,23,0,0,0,0,0,19,0,0,0,0,0,0,11,0,0,0,0,0,0,0,0,0,0,0,0,0,0,0,0,0,0,0,0,0,0,6,0,0,0,0,0,0,0,0,13,0,0,0,0,0,0,0,9,0,0,0,0,0,0,0,0,25,0,0,0,0,0,0,0,0,0,0,0,0,0,0
0,0,0,0,24,0,0,0,0,5,0,0,10,0,0,0,30,0,0,0,0,0,27,0,0,0,0,0,0,7,0,0,0,0,0,0,0,0,0,0,0,0,0,17,17,0,0,0,0,0,0,0,0,0,0,0,0,0,7,0,0,0,0,0,23,0,0,17,0,0,0,0,0,0,0,0,0,0,0,0,0,0,0,0,0,0,0,0,13,0,23,0,0,0,0,0,0,0,0,0,0,0,0,0,0,0,0,0,0,0,0,18,0,0,0,0,0,0,0,0,0,0,0,0,0,0,6,0,0,0,0,0,0,0,0,0,0,0,0,0,0,24,0,0,22,0,0,0,0,0,0,0,24,0,12,2,0,0,0,0,0,0,22,0,0,0,0,0,0,0,0,0,0,0,0,0,0,0,0,0,3,0,25,0,0,0,0,0,0,0,0,0,0,0,0,0,0,0,0,5
0,0,0,10,0,0,0,0,0,0,18,0,0,0,0,29,0,19,0,0,0,0,0,0,0,0,0,8,0,0,0,0,0,0,0,0,0,0,0,0,0,0,0,0,0,0,0,0,0,0,0,0,0,0,0,0,0,23,0,0,26,0,7,10,22,0,0,0,0,0,0,0,0,15,0,11,5,0,0,0,0,0,0,0,0,0,0,0,0,0,0,0,0,0,0,0,17,0,0,0,0,0,0,27,0,0,0,0,0,0,0,0,0,5,0,0,0,0,0,0,0,9,0,0,0,0,0,29,0,0,0,0,22,26,0,0,0,0,0,0,0,0,17,0,9,0,0,4,0,0,17,0,24,0,0,0,0,0,0,0,0,0,0,13,28,0,0,0,0,0,0,0,0,0,0,0,0,0,0,0,0,0,11,0,0,17,0,0,0,0,0,0,24,0,0,0,0,0,0,0
0,0,0,0,10,0,0,0,0,18,0,0,0,0,0,0,0,0,0,0,0,0,5,0,0,0,0,0,0,0,0,0,0,0,0,0,0,0,0,18,0,0,0,0,0,0,0,0,0,0,18,0,0,0,0,0,0,0,0,0,0,0,0,0,2,13,0,0,0,0,0,0,0,0,0,0,0,0,0,0,0,0,0,0,0,0,0,0,0,0,0,0,0,0,0,0,0,0,0,0,0,0,0,0,0,16,0,0,0,0,0,20,0,0,0,0,0,0,0,0,0,0,0,0,0,0,21,0,0,0,0,0,0,0,0,0,0,0,0,0,0,0,0,0,0,0,0,0,0,0,0,0,0,0,10,0,0,0,0,0,0,0,15,0,0,0,0,9,0,0,0,0,0,0,0,0,0,0,0,0,0,0,0,0,0,0,0,0,0,0,0,0,0,0,0,0,0,0,0,0
0,0,0,0,0,0,0,0,0,0,0,0,0,0,0,0,0,0,0,0,0,0,0,13,0,0,0,0,0,0,0,0,0,0,0,0,0,0,0,24,0,0,0,0,0,0,0,0,0,0,0,0,22,0,0,0,0,0,0,7,0,0,0,0,0,0,0,0,0,0,0,0,0,0,0,0,0,0,0,0,0,0,0,0,0,0,0,0,0,0,0,0,14,0,0,0,0,0,0,0,0,0,0,0,0,0,0,0,0,0,0,0,0,0,0,0,0,0,0,0,0,0,0,0,0,0,0,0,0,0,0,19,0,0,0,0,0,0,0,0,0,0,0,0,10,26,0,0,0,0,0,0,0,0,0,8,0,0,0,0,0,0,0,0,0,0,0,0,0,0,0,0,0,0,0,0,0,0,0,0,18,0,0,0,0,0,0,0,0,0,0,0,0,0,0,0,0,0,0,0
0,0,0,0,10,0,0,0,0,0,23,0,0,18,0,0,0,3,0,0,0,0,0,0,0,0,0,0,0,0,0,0,0,18,0,0,0,0,0,0,0,0,0,0,8,0,0,12,0,0,18,0,0,28,0,0,14,0,0,0,0,0,0,0,0,0,3,0,27,0,0,0,0,5,0,23,16,0,0,19,0,0,0,0,0,0,0,0,0,0,0,1,0,6,0,0,0,0,0,0,0,0,15,0,0,0,0,19,0,0,0,0,0,0,0,0,0,0,22,0,0,0,9,0,0,0,0,0,0,0,0,0,0,0,0,21,0,0,0,0,0,0,0,0,4,0,5,10,0,0,0,0,21,0,0,0,0,0,0,0,0,19,0,12,0,0,1,0,0,0,0,25,19,0,0,0,0,0,0,0,0,0,0,0,0,0,0,0,16,0,0,0,0,0,0,0,0,0,0,23
0,0,0,0,0,0,0,0,0,20,0,0,0,0,0,0,0,0,0,0,0,0,0,0,0,0,0,0,0,0,0,10,0,0,0,0,0,0,0,0,0,0,6,0,0,0,0,0,0,0,0,0,0,0,0,0,0,0,19,0,0,0,0,0,0,0,0,0,0,0,0,0,0,0,0,0,0,0,0,0,0,0,0,0,0,0,0,0,0,0,0,0,0,0,0,0,0,0,22,0,0,0,0,0,0,0,28,0,0,0,0,0,0,0,0,0,0,0,0,0,0,0,0,0,0,0,0,0,0,0,0,0,0,0,0,0,0,0,0,0,0,0,0,0,0,0,0,0,0,0,0,0,0,0,0,0,0,0,0,0,0,0,0,0,0,0,0,0,0,0,0,0,0,0,5,0,0,0,0,0,0,0,0,0,0,0,0,0,0,0,0,0,0,28,16,0,0,0,0,0
0,0,0,0,10,0,0,0,0,0,0,0,11,0,0,0,0,0,0,0,0,0,0,0,0,0,0,0,0,0,0,0,0,0,0,0,0,0,0,14,0,0,0,28,0,0,0,0,0,30,0,0,23,0,0,0,0,0,0,0,0,0,0,0,0,19,0,0,0,0,0,0,0,0,0,0,0,0,0,0,0,0,0,0,0,0,0,0,0,0,0,0,0,0,0,0,0,0,0,0,0,0,0,0,0,0,0,0,0,0,0,0,0,0,0,0,0,2,0,0,0,0,0,0,0,20,28,0,0,0,0,0,0,0,0,0,0,0,0,0,0,23,0,0,0,0,0,0,0,0,0,0,0,0,0,13,0,0,0,0,0,0,5,0,0,0,0,0,0,0,0,0,24,0,0,0,0,0,7,0,6,21,0,0,0,0,0,0,0,0,0,0,0,0,0,0,0,0,0,0
0,0,0,0,0,0,27,4,0,0,7,0,0,0,0,0,0,0,0,10,0,0,0,0,0,0,0,24,0,0,0,0,0,0,0,0,0,0,0,0,0,0,0,0,0,0,0,0,0,0,0,0,0,2,28,11,0,0,0,0,20,0,0,0,0,0,0,0,0,7,0,0,0,0,0,0,0,0,0,0,0,0,0,0,0,0,18,21,0,0,0,0,0,0,0,0,9,0,0,0,0,0,0,0,9,0,0,0,0,0,0,0,0,0,0,0,0,0,0,0,0,0,0,0,0,0,0,20,24,0,0,0,0,0,0,0,0,0,0,0,0,0,0,0,0,0,0,0,0,17,16,0,0,0,0,0,0,0,0,0,0,0,0,0,0,0,0,0,28,0,0,0,0,30,0,0,30,0,0,0,0,0,0,0,0,0,0,19,0,0,0,0,0,0,0,0,0,0,23,0
0,0,0,0,0,2,0,0,0,0,0,0,0,0,0,0,0,0,0,0,0,0,0,0,22,0,6,0,0,0,0,0,0,0,0,0,0,18,0,0,0,0,0,0,0,0,0,0,0,0,0,0,0,0,0,0,1,0,0,0,0,4,0,0,0,0,0,0,0,0,0,0,0,0,0,0,0,0,29,0,0,0,26,0,2,0,0,0,0,0,0,0,0,0,0,0,0,0,0,0,0,0,0,0,0,0,0,0,0,0,9,0,0,0,0,0,0,0,0,0,0,0,7,0,0,0,0,0,0,0,0,0,0,0,0,0,0,0,0,0,0,0,0,0,0,0,0,0,0,0,0,2,0,0,0,0,0,0,2,0,20,0,0,0,0,0,0,0,0,0,0,0,0,0,0,0,0,0,0,0,0,0,0,0,0,0,0,0,0,0,0,0,0,0,0,0,0,0,0,0
0,0,0,12,0,0,0,0,0,0,0,0,0,0,0,0,0,0,0,0,0,0,0,0,0,0,0,0,0,0,0,0,0,0,0,0,0,0,0,0,0,0,0,0,0,0,0,0,0,0,0,0,0,0,0,0,0,8,0,0,0,0,0,0,0,0,0,0,0,0,0,0,0,0,0,0,0,0,0,0,0,0,0,0,0,0,0,14,0,0,0,0,0,0,0,0,0,0,0,0,0,0,0,0,22,0,0,0,0,0,0,0,0,0,0,0,0,0,0,0,0,30,0,0,0,0,0,0,0,0,0,0,0,0,0,0,18,0,0,0,0,0,0,0,0,0,0,0,0,27,0,0,0,0,0,0,0,0,0,0,0,0,0,0,0,23,0,0,0,0,0,0,0,0,0,0,0,24,0,0,0,0,0,0,0,0,0,0,0,0,0,0,0,0,0,0,16,0,0,0
0,0,0,0,0,0,0,0,4,0,0,0,0,0,0,0,3,0,0,0,0,0,0,0,0,18,0,0,0,0,0,0,26,0,0,0,0,0,0,0,0,0,0,0,0,0,0,5,0,0,0,0,0,0,0,0,0,0,0,0,0,0,0,0,0,0,0,0,0,0,0,0,0,0,30,0,0,0,0,0,0,0,0,0,0,0,0,0,0,0,9,0,0,0,0,0,0,0,0,0,0,0,0,0,0,29,12,0,0,0,0,0,0,0,0,0,20,10,0,0,0,0,24,0,3,0,0,0,0,0,0,0,0,0,0,0,0,24,0,0,0,0,0,11,0,0,0,0,0,0,0,0,0,0,15,0,4,0,0,0,0,0,0,0,0,0,0,9,0,0,0,0,0,0,25,0,0,0,25,0,0,0,0,0,0,0,0,0,0,0,0,0,0,0,0,0,0,0,0,0
0,19,0,12,0,0,0,0,0,0,0,0,0,0,0,0,0,0,0,0,0,0,0,13,0,0,0,0,0,0,0,0,0,0,0,0,0,0,0,0,0,0,0,0,0,0,0,0,0,0,0,0,0,0,0,0,0,0,0,0,0,0,0,0,0,0,0,0,0,11,0,0,0,0,0,0,0,0,0,0,0,0,0,0,0,0,16,0,0,0,0,0,0,0,13,0,0,0,0,0,0,0,0,14,0,0,0,0,0,0,0,0,0,0,0,0,0,0,0,0,0,24,0,0,0,0,0,26,23,0,2,0,3,0,0,0,0,0,0,0,0,0,19,0,0,0,14,28,0,0,13,0,0,0,0,0,0,0,0,0,0,0,0,0,29,10,0,0,0,0,0,0,0,0,0,0,0,0,0,10,0,0,0,0,0,0,0,0,0,0,0,0,0,0,0,26,0,0,0,0
0,10,0,0,0,0,0,0,0,0,7,0,0,12,0,24,0,16,0,0,0,4,0,1,0,0,0,0,30,0,0,0,0,0,25,0,0,0,0,0,0,0,0,0,0,0,0,0,0,18,0,0,0,0,0,0,0,0,0,30,0,0,0,0,0,0,0,0,27,0,0,0,0,0,0,0,0,0,0,0,0,0,0,0,0,0,23,0,0,0,0,0,0,0,0,0,0,0,0,0,0,0,0,0,0,0,0,13,0,0,0,0,0,0,0,0,0,0,0,0,0,0,0,0,0,0,0,0,0,0,0,24,0,0,0,0,0,0,0,0,0,0,0,0,0,28,30,0,0,0,2,0,20,14,0,0,0,0,0,0,0,0,0,0,0,0,0,0,0,10,0,0,0,0,0,0,0,0,0,3,0,0,0,0,0,0,0,0,0,6,0,0,0,0,0,4,0,20,0,0
0,0,0,0,0,0,0,0,0,0,0,11,0,0,0,0,0,0,0,0,14,0,0,0,0,0,0,0,0,0,0,0,0,0,0,0,20,0,0,0,0,0,0,0,0,0,0,0,0,0,0,0,0,0,28,22,0,0,0,0,0,0,0,0,0,0,0,0,0,0,0,18,0,0,0,0,0,0,9,3,0,1,0,0,0,0,0,0,0,0,0,0,0,0,0,0,23,0,0,0,23,0,12,0,15,0,0,0,0,0,0,0,0,0,0,0,0,0,25,0,0,11,0,21,0,0,0,0,0,6,0,0,0,0,0,0,0,0,0,11,0,0,0,0,0,0,0,0,0,0,0,25,0,0,0,0,0,0,0,0,0,0,0,0,0,9,0,0,0,0,0,0,0,7,0,0,0,4,0,0,0,0,0,0,0,4,0,0,0,0,0,0,0,0,0,0,0,0,11,0
0,0,0,16,0,0,2,0,0,0,0,0,0,0,0,25,0,11,20,22,0,0,0,0,0,0,0,0,7,0,0,0,0,0,0,0,0,0,0,0,0,0,0,0,0,0,0,0,19,0,0,0,0,0,0,0,0,27,0,0,0,0,0,0,0,0,0,0,12,27,0,0,0,20,0,0,0,0,0,0,0,0,0,0,0,0,25,0,0,0,0,0,0,0,0,0,0,0,0,0,0,0,0,0,0,0,0,7,0,0,0,0,0,0,0,0,0,0,0,0,0,0,0,0,0,0,0,30,20,0,29,0,0,22,0,0,0,0,0,0,0,0,0,0,5,8,29,0,0,0,0,0,0,20,0,0,0,30,0,0,0,0,0,0,23,0,0,0,0,0,0,0,0,0,0,0,0,0,0,0,0,0,0,0,0,0,0,0,0,11,21,0,0,0,0,3,0,0,0,0
0,0,0,0,0,0,0,0,10,30,0,0,0,0,0,0,0,0,0,0,0,0,0,0,0,0,0,0,0,0,0,0,0,0,0,0,0,0,0,0,6,3,23,0,0,0,0,0,0,0,0,0,0,0,0,0,0,0,0,0,0,0,0,0,0,0,0,0,0,0,0,0,0,0,0,0,0,0,0,0,0,0,0,0,0,0,0,0,0,0,0,0,0,0,0,5,0,0,7,0,0,0,0,0,0,18,0,0,0,21,0,0,0,0,0,0,0,0,0,0,0,0,0,0,29,0,0,0,0,0,0,0,0,0,0,0,0,0,12,0,0,0,0,9,0,0,0,0,0,0,0,0,0,0,27,0,0,0,0,0,0,0,0,0,0,0,0,0,0,0,0,0,0,0,6,0,0,0,0,0,0,0,0,0,0,0,0,0,0,0,0,0,0,0,25,0,0,0,0,0
0,0,0,0,0,0,0,0,3,0,0,0,0,0,0,0,0,0,0,0,0,0,0,0,0,0,0,0,0,0,0,0,0,0,0,0,0,0,0,0,4,0,13,0,0,0,0,0,0,0,0,0,0,0,0,0,0,0,9,0,0,0,0,0,0,0,0,0,0,0,0,0,0,0,0,0,0,0,0,0,0,0,0,0,0,21,0,0,0,0,22,0,0,0,0,0,0,0,9,0,0,0,0,0,0,0,0,0,0,0,0,0,0,0,0,28,0,29,0,0,0,0,0,0,7,0,0,0,0,0,0,0,0,0,0,0,0,0,3,0,7,0,0,0,0,0,0,0,0,0,0,0,0,0,7,0,0,0,0,0,0,0,29,0,0,0,0,2,0,0,0,0,0,0,0,15,0,0,5,0,5,0,0,0,0,0,0,0,5,0,0,0,0,0,0,0,0,0,0,0
0,0,0,0,0,0,0,0,0,0,0,0,0,0,0,0,0,0,24,0,0,0,24,22,0,0,0,0,0,0,0,0,0,0,0,0,0,0,0,0,0,0,0,0,0,0,0,0,10,0,0,0,0,0,0,0,0,0,0,0,0,0,0,29,0,0,0,0,29,0,0,0,0,0,0,0,0,0,0,0,0,0,0,0,0,0,0,0,0,0,0,0,0,0,0,0,0,0,0,0,0,0,0,0,0,0,0,0,0,0,0,0,0,0,0,0,0,0,0,0,0,0,0,0,0,0,0,0,0,0,0,8,7,0,0,0,0,0,0,0,0,0,1,0,27,0,3,23,0,0,0,0,0,0,0,0,0,2,0,0,0,0,0,0,0,0,0,0,0,0,0,0,0,0,0,0,0,0,0,24,0,0,0,0,0,0,0,0,0,0,0,0,0,0,0,0,0,0,0,0
6,0,10,0,0,0,18,0,0,0,0,0,0,0,0,0,0,0,0,19,0,0,0,0,0,0,0,0,0,0,26,0,0,0,0,8,13,0,0,0,0,0,0,0,0,0,0,0,0,0,0,0,0,0,0,0,0,0,0,0,10,0,0,0,0,0,0,0,0,0,0,0,0,0,0,0,0,0,0,0,0,9,0,0,0,0,0,19,0,0,0,0,0,0,30,0,18,0,0,0,0,0,0,3,10,0,0,0,0,0,0,0,0,0,0,0,0,0,0,0,0,7,0,0,0,0,0,0,1,0,0,0,0,0,0,0,8,0,0,0,0,0,0,0,0,0,0,0,0,0,0,0,0,0,0,0,0,0,0,0,0,0,0,0,0,0,0,0,12,0,0,0,0,0,0,0,14,8,0,0,0,0,0,0,0,15,0,0,0,0,0,0,0,0,0,0,0,0,8,0
0,0,0,0,26,0,20,0,0,0,13,0,19,18,0,9,0,6,0,0,0,0,0,6,0,0,0,8,28,0,0,0,0,0,0,0,0,0,0,0,0,0,0,0,0,0,0,0,0,14,0,29,28,0,0,28,0,0,0,0,0,0,25,0,28,0,0,0,0,0,0,0,0,20,0,0,11,5,0,0,0,0,0,0,0,0,0,0,0,0,0,19,0,0,0,0,0,0,0,0,0,0,0,0,0,0,0,9,0,0,0,0,0,0,0,0,0,0,0,0,0,0,0,0,0,0,0,0,0,0,18,0,0,2,0,0,0,0,0,0,0,0,0,0,7,0,9,9,3,0,0,0,0,0,0,0,0,24,0,0,0,18,0,0,25,0,0,0,0,0,0,11,0,2,0,0,0,0,0,9,0,0,17,0,0,0,0,0,0,0,0,0,9,0,0,0,0,0,0,0
0,0,0,0,0,0,0,25,0,0,0,19,0,0,27,0,0,0,0,0,0,0,0,0,0,0,0,0,0,0,23,0,0,0,0,11,8,0,0,0,0,0,0,0,0,0,0,0,0,0,0,0,0,10,0,0,0,0,0,0,0,25,0,0,0,0,0,0,0,0,0,0,0,0,0,0,0,0,0,0,0,21,0,0,20,0,0,9,0,0,0,0,0,0,3,0,10,0,0,0,0,0,11,30,12,0,0,0,0,0,0,0,0,27,7,0,0,0,0,0,0,30,0,0,0,0,0,9,0,0,0,0,0,0,0,0,0,0,0,0,0,0,0,0,0,0,0,0,0,0,0,19,0,0,0,0,0,0,0,0,0,0,0,0,0,17,0,0,0,0,0,0,0,0,0,0,0,13,0,0,0,0,0,0,0,0,0,0,0,0,0,0,0,0,0,0,0,0,0,0
0,0,0,0,18,0,0,0,0,0,28,0,2,0,0,27,0,11,0,0,30,0,0,0,0,0,0,0,0,17,0,0,0,2,0,0,0,0,0,11,0,0,0,0,0,30,0,0,0,23,13,13,17,5,0,0,0,0,0,0,0,0,21,0,12,0,6,12,0,24,0,0,0,19,0,0,19,10,0,0,0,0,0,0,0,0,0,0,0,0,0,18,0,0,0,0,0,0,0,0,0,0,0,0,0,0,0,0,0,0,0,6,0,10,0,0,12,0,0,0,8,0,0,0,0,17,0,0,0,0,30,0,0,0,0,14,0,0,0,0,0,1,0,0,12,0,0,0,0,0,0,0,0,0,0,0,0,0,0,0,0,0,0,0,0,0,0,0,0,26,0,0,23,0,0,0,0,0,0,13,0,0,0,0,0,0,0,0,0,0,0,0,0,0,0,0,0,24,0,0
